{
  "experiment_type": "hierarchical_evolutionary_bayesian",
  "generations": 10,
  "negotiations_per_generation": 24,
  "hierarchical_structure": {
    "groups": [
      "positive",
      "negative",
      "neutral"
    ],
    "group_members": {
      "positive": [
        "happy",
        "surprising"
      ],
      "negative": [
        "angry",
        "disgust",
        "fear"
      ],
      "neutral": [
        "sad",
        "neutral"
      ]
    },
    "base_emotions": [
      "happy",
      "surprising",
      "angry",
      "sad",
      "disgust",
      "fear",
      "neutral"
    ]
  },
  "generation_results": {
    "generation_1": {
      "stats": {
        "generation": 1,
        "best_fitness": 17.181683583191262,
        "best_sequence": [
          "angry",
          "sad"
        ],
        "elite_count": 8,
        "total_sequences": 32,
        "current_emotion": "neutral",
        "current_group": "neutral",
        "hierarchical_entropy": {
          "group_entropy": 1.084832554496347,
          "full_entropy": 1.5602665294105038,
          "within_group_entropies": {
            "positive": 0.40330357573692527,
            "negative": 0.7313406961537647,
            "neutral": 0.3613298201443602
          }
        },
        "group_matrix": [
          [
            0.40923076923076923,
            0.2723076923076923,
            0.31846153846153846
          ],
          [
            0.24631578947368424,
            0.3452631578947369,
            0.40842105263157896
          ],
          [
            0.31333333333333335,
            0.3,
            0.38666666666666666
          ]
        ],
        "within_group_matrices": {
          "positive": [
            [
              0.8634615384615385,
              0.13653846153846155
            ],
            [
              0.14166666666666666,
              0.8583333333333334
            ]
          ],
          "negative": [
            [
              0.7523809523809524,
              0.12380952380952381,
              0.12380952380952381
            ],
            [
              0.12380952380952381,
              0.7523809523809524,
              0.12380952380952381
            ],
            [
              0.12380952380952381,
              0.12380952380952381,
              0.7523809523809524
            ]
          ],
          "neutral": [
            [
              0.885,
              0.11500000000000002
            ],
            [
              0.11944444444444446,
              0.8805555555555555
            ]
          ]
        }
      },
      "success_rate": 0.8333333333333334,
      "avg_days": 47.1,
      "avg_rounds": 11.55,
      "elite_sequences": [
        {
          "sequence": [
            "angry",
            "sad"
          ],
          "fitness": 17.181683583191262,
          "length": 2
        },
        {
          "sequence": [
            "neutral",
            "neutral",
            "disgust",
            "disgust",
            "surprising",
            "neutral",
            "neutral",
            "disgust"
          ],
          "fitness": 9.29943143985476,
          "length": 8
        },
        {
          "sequence": [
            "happy",
            "happy",
            "happy",
            "neutral",
            "surprising",
            "fear"
          ],
          "fitness": 8.989421488790954,
          "length": 6
        },
        {
          "sequence": [
            "neutral",
            "disgust",
            "happy",
            "happy",
            "surprising",
            "surprising",
            "disgust",
            "neutral",
            "fear",
            "fear",
            "surprising",
            "neutral"
          ],
          "fitness": 8.666991666619246,
          "length": 12
        },
        {
          "sequence": [
            "neutral",
            "happy",
            "happy",
            "neutral",
            "neutral",
            "fear",
            "surprising",
            "sad",
            "sad",
            "sad",
            "angry",
            "angry"
          ],
          "fitness": 7.947918449097424,
          "length": 12
        }
      ]
    },
    "generation_2": {
      "stats": {
        "generation": 2,
        "best_fitness": 22.908911444255015,
        "best_sequence": [
          "surprising",
          "disgust"
        ],
        "elite_count": 8,
        "total_sequences": 64,
        "current_emotion": "neutral",
        "current_group": "neutral",
        "hierarchical_entropy": {
          "group_entropy": 1.0916031593983642,
          "full_entropy": 1.6181194277362578,
          "within_group_entropies": {
            "positive": 0.4145447197380101,
            "negative": 0.8331635521264271,
            "neutral": 0.45480060067619
          }
        },
        "group_matrix": [
          [
            0.363185520361991,
            0.32809049773755655,
            0.30872398190045247
          ],
          [
            0.26543653250773996,
            0.34833436532507744,
            0.38622910216718265
          ],
          [
            0.34800000000000003,
            0.28,
            0.372
          ]
        ],
        "within_group_matrices": {
          "positive": [
            [
              0.8514102564102565,
              0.14858974358974358
            ],
            [
              0.14214285714285713,
              0.8578571428571429
            ]
          ],
          "negative": [
            [
              0.6799999999999999,
              0.18857142857142856,
              0.13142857142857142
            ],
            [
              0.12428571428571429,
              0.7014285714285714,
              0.1742857142857143
            ],
            [
              0.18857142857142858,
              0.13142857142857145,
              0.68
            ]
          ],
          "neutral": [
            [
              0.8510000000000001,
              0.14900000000000002
            ],
            [
              0.19166666666666665,
              0.8083333333333333
            ]
          ]
        }
      },
      "success_rate": 0.9583333333333334,
      "avg_days": 40.869565217391305,
      "avg_rounds": 11.91304347826087,
      "elite_sequences": [
        {
          "sequence": [
            "surprising",
            "disgust"
          ],
          "fitness": 22.908911444255015,
          "length": 2
        },
        {
          "sequence": [
            "angry",
            "disgust"
          ],
          "fitness": 22.908911444255015,
          "length": 2
        },
        {
          "sequence": [
            "happy",
            "happy"
          ],
          "fitness": 15.674518356595533,
          "length": 2
        },
        {
          "sequence": [
            "fear"
          ],
          "fitness": 12.190218971096826,
          "length": 1
        },
        {
          "sequence": [
            "disgust",
            "disgust"
          ],
          "fitness": 11.454455722127507,
          "length": 2
        }
      ]
    },
    "generation_3": {
      "stats": {
        "generation": 3,
        "best_fitness": 22.908911444255015,
        "best_sequence": [
          "surprising",
          "disgust"
        ],
        "elite_count": 8,
        "total_sequences": 96,
        "current_emotion": "neutral",
        "current_group": "neutral",
        "hierarchical_entropy": {
          "group_entropy": 1.0849134242035958,
          "full_entropy": 1.6192707709973344,
          "within_group_entropies": {
            "positive": 0.3895217689466808,
            "negative": 0.8769238216637117,
            "neutral": 0.49079621388473116
          }
        },
        "group_matrix": [
          [
            0.3997294940353764,
            0.28776338955162484,
            0.3125071164129988
          ],
          [
            0.2288271368959483,
            0.36552235832548124,
            0.40565050477857045
          ],
          [
            0.3373714285714286,
            0.2965714285714286,
            0.36605714285714286
          ]
        ],
        "within_group_matrices": {
          "positive": [
            [
              0.8664017094017094,
              0.1335982905982906
            ],
            [
              0.12973015873015872,
              0.8702698412698413
            ]
          ],
          "negative": [
            [
              0.5857777777777778,
              0.20203174603174603,
              0.2121904761904762
            ],
            [
              0.17457142857142857,
              0.6708571428571428,
              0.15457142857142858
            ],
            [
              0.16314285714285715,
              0.12885714285714286,
              0.7080000000000001
            ]
          ],
          "neutral": [
            [
              0.8378727272727273,
              0.16212727272727273
            ],
            [
              0.22928571428571426,
              0.7707142857142857
            ]
          ]
        }
      },
      "success_rate": 0.9166666666666666,
      "avg_days": 62.54545454545455,
      "avg_rounds": 13.5,
      "elite_sequences": [
        {
          "sequence": [
            "neutral",
            "happy",
            "neutral",
            "sad",
            "happy",
            "neutral",
            "disgust",
            "neutral"
          ],
          "fitness": 10.332701599838622,
          "length": 8
        },
        {
          "sequence": [
            "sad",
            "sad",
            "happy",
            "fear",
            "neutral",
            "fear",
            "fear",
            "happy",
            "happy",
            "happy",
            "happy",
            "happy"
          ],
          "fitness": 7.31277421870999,
          "length": 12
        },
        {
          "sequence": [
            "angry",
            "disgust",
            "disgust",
            "neutral"
          ],
          "fitness": 3.3085152638082405,
          "length": 4
        },
        {
          "sequence": [
            "sad",
            "fear",
            "neutral",
            "angry",
            "sad"
          ],
          "fitness": 0.0,
          "length": 5
        },
        {
          "sequence": [
            "neutral",
            "angry",
            "fear",
            "surprising",
            "surprising",
            "neutral"
          ],
          "fitness": 0.0,
          "length": 6
        }
      ]
    },
    "generation_4": {
      "stats": {
        "generation": 4,
        "best_fitness": 22.908911444255015,
        "best_sequence": [
          "surprising",
          "disgust"
        ],
        "elite_count": 8,
        "total_sequences": 128,
        "current_emotion": "neutral",
        "current_group": "neutral",
        "hierarchical_entropy": {
          "group_entropy": 1.0857691787363386,
          "full_entropy": 1.6374916678562492,
          "within_group_entropies": {
            "positive": 0.39800314622887445,
            "negative": 0.8894956068273491,
            "neutral": 0.5321416622896171
          }
        },
        "group_matrix": [
          [
            0.38529224187577127,
            0.2635671246400658,
            0.3511406334841629
          ],
          [
            0.2296039744452613,
            0.37315956884144263,
            0.3972364567132961
          ],
          [
            0.34088439560439565,
            0.33178901098901104,
            0.3273265934065934
          ]
        ],
        "within_group_matrices": {
          "positive": [
            [
              0.8834773892773893,
              0.11652261072261072
            ],
            [
              0.15783809523809525,
              0.8421619047619048
            ]
          ],
          "negative": [
            [
              0.5800380952380952,
              0.17836190476190475,
              0.24159999999999998
            ],
            [
              0.21383376623376624,
              0.620696103896104,
              0.1654701298701299
            ],
            [
              0.1478857142857143,
              0.1273142857142857,
              0.7248000000000001
            ]
          ],
          "neutral": [
            [
              0.7884379220779221,
              0.21156207792207793
            ],
            [
              0.23757142857142854,
              0.7624285714285715
            ]
          ]
        }
      },
      "success_rate": 0.875,
      "avg_days": 48.57142857142857,
      "avg_rounds": 12.0,
      "elite_sequences": [
        {
          "sequence": [
            "happy",
            "disgust"
          ],
          "fitness": 15.674518356595533,
          "length": 2
        },
        {
          "sequence": [
            "neutral",
            "sad"
          ],
          "fitness": 15.674518356595533,
          "length": 2
        },
        {
          "sequence": [
            "disgust",
            "disgust",
            "angry",
            "happy",
            "sad",
            "sad",
            "happy",
            "happy",
            "happy",
            "neutral",
            "surprising"
          ],
          "fitness": 10.133113906136682,
          "length": 11
        },
        {
          "sequence": [
            "angry",
            "neutral",
            "neutral",
            "happy",
            "happy",
            "happy",
            "disgust",
            "disgust"
          ],
          "fitness": 8.569072482330835,
          "length": 8
        },
        {
          "sequence": [
            "fear",
            "sad",
            "fear",
            "fear",
            "surprising",
            "disgust",
            "happy",
            "sad",
            "happy"
          ],
          "fitness": 8.290605861066076,
          "length": 9
        }
      ]
    },
    "generation_5": {
      "stats": {
        "generation": 5,
        "best_fitness": 22.908911444255015,
        "best_sequence": [
          "surprising",
          "disgust"
        ],
        "elite_count": 8,
        "total_sequences": 160,
        "current_emotion": "neutral",
        "current_group": "neutral",
        "hierarchical_entropy": {
          "group_entropy": 1.0858323167381407,
          "full_entropy": 1.6631392372017384,
          "within_group_entropies": {
            "positive": 0.3902971686909594,
            "negative": 0.9171338851085018,
            "neutral": 0.5827445016775992
          }
        },
        "group_matrix": [
          [
            0.3696368835870012,
            0.23506335170711642,
            0.39529976470588235
          ],
          [
            0.29428412379759156,
            0.32824356739182214,
            0.37747230881058635
          ],
          [
            0.27860471143671145,
            0.3916659991859992,
            0.3297292893772894
          ]
        ],
        "within_group_matrices": {
          "positive": [
            [
              0.8937227972027972,
              0.10627720279720279
            ],
            [
              0.1613695238095238,
              0.8386304761904763
            ]
          ],
          "negative": [
            [
              0.5702450793650794,
              0.19590603174603174,
              0.23384888888888888
            ],
            [
              0.19496692640692637,
              0.639084329004329,
              0.16594874458874456
            ],
            [
              0.1458742857142857,
              0.1906742857142857,
              0.6634514285714286
            ]
          ],
          "neutral": [
            [
              0.758777038961039,
              0.24122296103896101
            ],
            [
              0.30254285714285717,
              0.6974571428571429
            ]
          ]
        }
      },
      "success_rate": 0.875,
      "avg_days": 47.57142857142857,
      "avg_rounds": 13.952380952380953,
      "elite_sequences": [
        {
          "sequence": [
            "fear",
            "disgust",
            "neutral",
            "disgust",
            "happy",
            "happy",
            "happy",
            "disgust"
          ],
          "fitness": 9.686907749848707,
          "length": 8
        },
        {
          "sequence": [
            "happy",
            "sad",
            "disgust",
            "happy",
            "disgust",
            "neutral",
            "neutral",
            "angry",
            "neutral"
          ],
          "fitness": 9.211784290073417,
          "length": 9
        },
        {
          "sequence": [
            "happy",
            "happy",
            "happy",
            "sad",
            "angry",
            "disgust",
            "happy",
            "neutral",
            "sad",
            "fear",
            "sad"
          ],
          "fitness": 8.940982858355897,
          "length": 11
        },
        {
          "sequence": [
            "neutral",
            "sad",
            "angry",
            "angry",
            "happy",
            "neutral",
            "surprising",
            "sad"
          ],
          "fitness": 8.718216974863838,
          "length": 8
        },
        {
          "sequence": [
            "neutral",
            "neutral"
          ],
          "fitness": 8.330513252456365,
          "length": 2
        }
      ]
    },
    "generation_6": {
      "stats": {
        "generation": 6,
        "best_fitness": 22.908911444255015,
        "best_sequence": [
          "surprising",
          "disgust"
        ],
        "elite_count": 8,
        "total_sequences": 192,
        "current_emotion": "neutral",
        "current_group": "neutral",
        "hierarchical_entropy": {
          "group_entropy": 1.075881417617248,
          "full_entropy": 1.6377016808532883,
          "within_group_entropies": {
            "positive": 0.4069843215700545,
            "negative": 0.8949797177366307,
            "neutral": 0.553981314588396
          }
        },
        "group_matrix": [
          [
            0.4143747227447933,
            0.1854824554687143,
            0.4001428217864924
          ],
          [
            0.3099038076118883,
            0.3080572515462044,
            0.38203894084190737
          ],
          [
            0.2738294935286935,
            0.35499959951159954,
            0.371170906959707
          ]
        ],
        "within_group_matrices": {
          "positive": [
            [
              0.8473447894327895,
              0.15265521056721057
            ],
            [
              0.13015504761904761,
              0.8698449523809524
            ]
          ],
          "negative": [
            [
              0.5707184761904762,
              0.23182933333333333,
              0.19745219047619045
            ],
            [
              0.17412301298701297,
              0.6691648831168832,
              0.15671210389610388
            ],
            [
              0.14466742857142856,
              0.17154742857142857,
              0.6837851428571429
            ]
          ],
          "neutral": [
            [
              0.810821778932179,
              0.18917822106782106
            ],
            [
              0.3148590476190476,
              0.6851409523809524
            ]
          ]
        }
      },
      "success_rate": 0.7083333333333334,
      "avg_days": 35.35294117647059,
      "avg_rounds": 11.529411764705882,
      "elite_sequences": [
        {
          "sequence": [
            "neutral",
            "neutral",
            "angry",
            "disgust",
            "surprising",
            "surprising",
            "neutral",
            "happy",
            "neutral"
          ],
          "fitness": 9.335769137507814,
          "length": 9
        },
        {
          "sequence": [
            "surprising",
            "surprising",
            "fear",
            "sad",
            "sad",
            "fear",
            "fear",
            "neutral",
            "surprising"
          ],
          "fitness": 8.597665337401855,
          "length": 9
        },
        {
          "sequence": [
            "fear",
            "sad",
            "happy",
            "happy",
            "neutral",
            "disgust"
          ],
          "fitness": 6.569192626424161,
          "length": 6
        },
        {
          "sequence": [
            "angry",
            "neutral",
            "surprising",
            "sad"
          ],
          "fitness": 3.3085152638082405,
          "length": 4
        },
        {
          "sequence": [
            "sad",
            "angry",
            "happy",
            "surprising",
            "surprising",
            "neutral",
            "neutral",
            "happy",
            "happy",
            "happy"
          ],
          "fitness": 0.0,
          "length": 10
        }
      ]
    },
    "generation_7": {
      "stats": {
        "generation": 7,
        "best_fitness": 22.908911444255015,
        "best_sequence": [
          "surprising",
          "disgust"
        ],
        "elite_count": 8,
        "total_sequences": 224,
        "current_emotion": "neutral",
        "current_group": "neutral",
        "hierarchical_entropy": {
          "group_entropy": 1.085261955661797,
          "full_entropy": 1.665452979900343,
          "within_group_entropies": {
            "positive": 0.48712185889645027,
            "negative": 0.8959553879937211,
            "neutral": 0.5885336244786403
          }
        },
        "group_matrix": [
          [
            0.3529726597338325,
            0.2156372993681851,
            0.4313900408979824
          ],
          [
            0.3192756179004663,
            0.3562629223562941,
            0.32446145974323964
          ],
          [
            0.31429769611721614,
            0.3296664263736264,
            0.35603587750915755
          ]
        ],
        "within_group_matrices": {
          "positive": [
            [
              0.8284068736596737,
              0.17159312634032636
            ],
            [
              0.21142636190476188,
              0.7885736380952382
            ]
          ],
          "negative": [
            [
              0.6281453714285715,
              0.19624045714285715,
              0.17561417142857144
            ],
            [
              0.1844738077922078,
              0.6414989298701299,
              0.17402726233766236
            ],
            [
              0.13680045714285713,
              0.20292845714285715,
              0.6602710857142857
            ]
          ],
          "neutral": [
            [
              0.753159734025974,
              0.24684026597402597
            ],
            [
              0.30891542857142856,
              0.6910845714285715
            ]
          ]
        }
      },
      "success_rate": 0.9166666666666666,
      "avg_days": 41.81818181818182,
      "avg_rounds": 11.454545454545455,
      "elite_sequences": [
        {
          "sequence": [
            "angry",
            "happy",
            "neutral"
          ],
          "fitness": 11.416811122261816,
          "length": 3
        },
        {
          "sequence": [
            "surprising",
            "fear"
          ],
          "fitness": 10.073552504721278,
          "length": 2
        },
        {
          "sequence": [
            "fear",
            "sad",
            "neutral",
            "surprising",
            "surprising",
            "fear",
            "surprising",
            "happy",
            "neutral"
          ],
          "fitness": 9.948727033279289,
          "length": 9
        },
        {
          "sequence": [
            "fear",
            "fear",
            "neutral",
            "neutral",
            "neutral",
            "neutral",
            "happy",
            "sad",
            "happy",
            "neutral",
            "fear"
          ],
          "fitness": 9.570163133573534,
          "length": 11
        },
        {
          "sequence": [
            "fear",
            "sad",
            "surprising",
            "fear",
            "disgust",
            "angry",
            "surprising",
            "surprising",
            "angry"
          ],
          "fitness": 9.211784290073417,
          "length": 9
        }
      ]
    },
    "generation_8": {
      "stats": {
        "generation": 8,
        "best_fitness": 22.908911444255015,
        "best_sequence": [
          "surprising",
          "disgust"
        ],
        "elite_count": 8,
        "total_sequences": 256,
        "current_emotion": "neutral",
        "current_group": "neutral",
        "hierarchical_entropy": {
          "group_entropy": 1.0789157986733993,
          "full_entropy": 1.64127998353589,
          "within_group_entropies": {
            "positive": 0.4380575069655225,
            "negative": 0.8738061256641761,
            "neutral": 0.5903286247593266
          }
        },
        "group_matrix": [
          [
            0.3717835958402995,
            0.19338237962091107,
            0.4348340245387894
          ],
          [
            0.2856830177991033,
            0.3549342240020118,
            0.359382758198885
          ],
          [
            0.32704015613186815,
            0.30549216351648356,
            0.36746768035164834
          ]
        ],
        "within_group_matrices": {
          "positive": [
            [
              0.8525996797513598,
              0.14740032024864025
            ],
            [
              0.17130026158730158,
              0.8286997384126984
            ]
          ],
          "negative": [
            [
              0.6626015085714286,
              0.17488713142857143,
              0.16251136
            ],
            [
              0.21068428467532468,
              0.6348993579220779,
              0.1544163574025974
            ],
            [
              0.13922313142857143,
              0.1788999314285714,
              0.6818769371428572
            ]
          ],
          "neutral": [
            [
              0.7428049313246754,
              0.25719506867532466
            ],
            [
              0.29963497142857143,
              0.7003650285714287
            ]
          ]
        }
      },
      "success_rate": 0.9583333333333334,
      "avg_days": 53.21739130434783,
      "avg_rounds": 11.695652173913043,
      "elite_sequences": [
        {
          "sequence": [
            "sad",
            "neutral",
            "neutral",
            "surprising",
            "sad",
            "disgust",
            "sad",
            "neutral"
          ],
          "fitness": 9.409177627657385,
          "length": 8
        },
        {
          "sequence": [
            "sad"
          ],
          "fitness": 9.142664228322621,
          "length": 1
        },
        {
          "sequence": [
            "disgust",
            "disgust",
            "happy",
            "neutral",
            "fear",
            "sad",
            "surprising",
            "sad",
            "disgust",
            "angry",
            "angry"
          ],
          "fitness": 8.014310684795522,
          "length": 11
        },
        {
          "sequence": [
            "surprising",
            "surprising",
            "surprising",
            "surprising",
            "sad",
            "angry",
            "sad"
          ],
          "fitness": 6.1515108245517665,
          "length": 7
        },
        {
          "sequence": [
            "fear",
            "fear",
            "happy",
            "fear",
            "sad",
            "sad",
            "sad",
            "angry"
          ],
          "fitness": 3.321225514233844,
          "length": 8
        }
      ]
    },
    "generation_9": {
      "stats": {
        "generation": 9,
        "best_fitness": 22.908911444255015,
        "best_sequence": [
          "surprising",
          "disgust"
        ],
        "elite_count": 8,
        "total_sequences": 288,
        "current_emotion": "neutral",
        "current_group": "neutral",
        "hierarchical_entropy": {
          "group_entropy": 1.0855675612804003,
          "full_entropy": 1.6575418497901773,
          "within_group_entropies": {
            "positive": 0.4920757507448504,
            "negative": 0.8583614157427023,
            "neutral": 0.6204219653137351
          }
        },
        "group_matrix": [
          [
            0.3397368241708464,
            0.2660294277725467,
            0.39423374805660694
          ],
          [
            0.36188600115565245,
            0.3462938677345404,
            0.2918201311098072
          ],
          [
            0.353366950821978,
            0.24043815525274725,
            0.40619489392527475
          ]
        ],
        "within_group_matrices": {
          "positive": [
            [
              0.7782264745174825,
              0.2217735254825175
            ],
            [
              0.16944682361904762,
              0.8305531763809524
            ]
          ],
          "negative": [
            [
              0.6642275718095239,
              0.17159894552380953,
              0.16417348266666665
            ],
            [
              0.19307723747186145,
              0.6476062814199134,
              0.1593164811082251
            ],
            [
              0.11989751522077921,
              0.18006723158441557,
              0.7000352531948053
            ]
          ],
          "neutral": [
            [
              0.7456829587948053,
              0.2543170412051948
            ],
            [
              0.4020032050793651,
              0.597996794920635
            ]
          ]
        }
      },
      "success_rate": 0.9166666666666666,
      "avg_days": 34.95454545454545,
      "avg_rounds": 12.909090909090908,
      "elite_sequences": [
        {
          "sequence": [
            "happy",
            "surprising"
          ],
          "fitness": 13.090806539574292,
          "length": 2
        },
        {
          "sequence": [
            "neutral",
            "surprising"
          ],
          "fitness": 11.454455722127507,
          "length": 2
        },
        {
          "sequence": [
            "neutral",
            "surprising"
          ],
          "fitness": 11.454455722127507,
          "length": 2
        },
        {
          "sequence": [
            "happy",
            "angry",
            "happy",
            "surprising",
            "surprising",
            "fear",
            "fear",
            "happy"
          ],
          "fitness": 10.473310811737688,
          "length": 8
        },
        {
          "sequence": [
            "angry",
            "happy",
            "sad",
            "neutral",
            "happy",
            "angry",
            "neutral",
            "sad",
            "happy"
          ],
          "fitness": 9.825903242744978,
          "length": 9
        }
      ]
    },
    "generation_10": {
      "stats": {
        "generation": 10,
        "best_fitness": 22.908911444255015,
        "best_sequence": [
          "surprising",
          "disgust"
        ],
        "elite_count": 8,
        "total_sequences": 320,
        "current_emotion": "neutral",
        "current_group": "neutral",
        "hierarchical_entropy": {
          "group_entropy": 1.0835514478871993,
          "full_entropy": 1.6566888326574192,
          "within_group_entropies": {
            "positive": 0.4339818731638859,
            "negative": 0.9088095391500198,
            "neutral": 0.6250712379231294
          }
        },
        "group_matrix": [
          [
            0.32828653894695226,
            0.3107287677746391,
            0.3609846932784086
          ],
          [
            0.34774384559135063,
            0.3955314226815406,
            0.2567247317271088
          ],
          [
            0.3392928977659141,
            0.23517198406073925,
            0.42553511817334666
          ]
        ],
        "within_group_matrices": {
          "positive": [
            [
              0.838364456139061,
              0.1616355438609391
            ],
            [
              0.15166809417142857,
              0.8483319058285714
            ]
          ],
          "negative": [
            [
              0.6573600724974791,
              0.1500181908436975,
              0.1926217366588235
            ],
            [
              0.21584634248311688,
              0.6218971021852814,
              0.16225655533160172
            ],
            [
              0.19193850913246752,
              0.18804033895064937,
              0.6200211519168832
            ]
          ],
          "neutral": [
            [
              0.7383188661859741,
              0.26168113381402597
            ],
            [
              0.40590780540056026,
              0.5940921945994398
            ]
          ]
        }
      },
      "success_rate": 0.0,
      "avg_days": 0.0,
      "avg_rounds": 0.0,
      "elite_sequences": [
        {
          "sequence": [
            "angry",
            "angry",
            "disgust",
            "happy",
            "angry",
            "happy",
            "angry",
            "angry",
            "neutral",
            "neutral",
            "angry",
            "angry",
            "surprising",
            "fear",
            "angry",
            "happy"
          ],
          "fitness": 0.0,
          "length": 16
        },
        {
          "sequence": [
            "happy",
            "neutral",
            "happy",
            "angry",
            "surprising",
            "neutral",
            "happy",
            "happy",
            "happy",
            "happy",
            "happy",
            "sad",
            "angry",
            "angry",
            "neutral",
            "angry"
          ],
          "fitness": 0.0,
          "length": 16
        },
        {
          "sequence": [
            "happy",
            "sad",
            "happy",
            "disgust",
            "fear",
            "fear",
            "neutral",
            "surprising",
            "surprising",
            "angry",
            "fear",
            "neutral",
            "sad",
            "neutral",
            "sad",
            "sad"
          ],
          "fitness": 0.0,
          "length": 16
        },
        {
          "sequence": [
            "surprising",
            "surprising",
            "sad",
            "surprising",
            "angry",
            "angry",
            "surprising",
            "disgust",
            "sad",
            "happy",
            "happy",
            "neutral",
            "neutral",
            "angry",
            "angry",
            "fear"
          ],
          "fitness": 0.0,
          "length": 16
        },
        {
          "sequence": [
            "neutral",
            "sad",
            "sad",
            "fear",
            "happy",
            "happy",
            "happy",
            "angry",
            "happy",
            "happy",
            "fear",
            "neutral",
            "neutral",
            "neutral",
            "sad",
            "happy"
          ],
          "fitness": 0.0,
          "length": 16
        }
      ]
    }
  },
  "scenarios_used": [
    "debt_001",
    "debt_002",
    "debt_003",
    "debt_004",
    "debt_005",
    "debt_006",
    "debt_007",
    "debt_008",
    "debt_009",
    "debt_010",
    "debt_011",
    "debt_012",
    "debt_013",
    "debt_014",
    "debt_015",
    "debt_016",
    "debt_017",
    "debt_018",
    "debt_019",
    "debt_020",
    "debt_021",
    "debt_022",
    "debt_023",
    "debt_024",
    "debt_025",
    "debt_026",
    "debt_027",
    "debt_028",
    "debt_029",
    "debt_030",
    "debt_031",
    "debt_032",
    "debt_033",
    "debt_034",
    "debt_035",
    "debt_036",
    "debt_037",
    "debt_038",
    "debt_039",
    "debt_040",
    "debt_041",
    "debt_042",
    "debt_043",
    "debt_044",
    "debt_045",
    "debt_046",
    "debt_047",
    "debt_048",
    "debt_049",
    "debt_050",
    "debt_051",
    "debt_052",
    "debt_053",
    "debt_054",
    "debt_055",
    "debt_056",
    "debt_057",
    "debt_058",
    "debt_059",
    "debt_060",
    "debt_061",
    "debt_062",
    "debt_063",
    "debt_064",
    "debt_065",
    "debt_066",
    "debt_067",
    "debt_068",
    "debt_069",
    "debt_070",
    "debt_071",
    "debt_072",
    "debt_073",
    "debt_074",
    "debt_075",
    "debt_076",
    "debt_077",
    "debt_078",
    "debt_079",
    "debt_080"
  ],
  "final_stats": {
    "best_fitness": 22.908911444255015,
    "best_sequence": [
      "surprising",
      "disgust"
    ],
    "generation": 10,
    "group_matrix": [
      [
        0.32828653894695226,
        0.3107287677746391,
        0.3609846932784086
      ],
      [
        0.34774384559135063,
        0.3955314226815406,
        0.2567247317271088
      ],
      [
        0.3392928977659141,
        0.23517198406073925,
        0.42553511817334666
      ]
    ],
    "within_group_matrices": {
      "positive": [
        [
          0.838364456139061,
          0.1616355438609391
        ],
        [
          0.15166809417142857,
          0.8483319058285714
        ]
      ],
      "negative": [
        [
          0.6573600724974791,
          0.1500181908436975,
          0.1926217366588235
        ],
        [
          0.21584634248311688,
          0.6218971021852814,
          0.16225655533160172
        ],
        [
          0.19193850913246752,
          0.18804033895064937,
          0.6200211519168832
        ]
      ],
      "neutral": [
        [
          0.7383188661859741,
          0.26168113381402597
        ],
        [
          0.40590780540056026,
          0.5940921945994398
        ]
      ]
    },
    "base_matrix": [
      [
        0.5015000929710511,
        0.09668854598988601,
        0.06195813956037348,
        0.10796847117897129,
        0.06195813956037348,
        0.06195813956037348,
        0.10796847117897129
      ],
      [
        0.09072613082620609,
        0.507462508134731,
        0.06195813956037348,
        0.10796847117897129,
        0.06195813956037348,
        0.06195813956037348,
        0.10796847117897129
      ],
      [
        0.10836729696898559,
        0.10836729696898559,
        0.409705794049343,
        0.08000304130485733,
        0.09350023613078305,
        0.12005329327218815,
        0.08000304130485733
      ],
      [
        0.10774863945275022,
        0.10774863945275022,
        0.049788764588151964,
        0.46893320689972817,
        0.049788764588151964,
        0.049788764588151964,
        0.16620322043031555
      ],
      [
        0.10836729696898559,
        0.10836729696898559,
        0.13452824538568392,
        0.08000304130485733,
        0.38760316716495313,
        0.10112791090167705,
        0.08000304130485733
      ],
      [
        0.10836729696898559,
        0.10836729696898559,
        0.11962746534634752,
        0.08000304130485733,
        0.11719789443612555,
        0.3864339636698411,
        0.08000304130485733
      ],
      [
        0.10774863945275022,
        0.10774863945275022,
        0.049788764588151964,
        0.25780683334749044,
        0.049788764588151964,
        0.049788764588151964,
        0.3773295939825533
      ]
    ],
    "temperature_schedule": [
      0.5,
      0.2
    ],
    "group_entropy": 1.0835514478871993,
    "full_entropy": 1.6566888326574192
  },
  "final_hierarchical_matrices": {
    "group_matrix": [
      [
        0.32828653894695226,
