{
  "experiment_type": "hierarchical_evolutionary_bayesian",
  "generations": 2,
  "negotiations_per_generation": 21,
  "hierarchical_structure": {
    "groups": [
      "positive",
      "negative",
      "neutral"
    ],
    "group_members": {
      "positive": [
        "happy",
        "surprising"
      ],
      "negative": [
        "angry",
        "disgust",
        "fear"
      ],
      "neutral": [
        "sad",
        "neutral"
      ]
    },
    "base_emotions": [
      "happy",
      "surprising",
      "angry",
      "sad",
      "disgust",
      "fear",
      "neutral"
    ]
  },
  "generation_results": {
    "generation_1": {
      "stats": {
        "generation": 1,
        "best_fitness": 9.396019975874887,
        "best_sequence": [
          "fear",
          "surprising",
          "happy",
          "happy",
          "fear",
          "sad",
          "disgust",
          "disgust",
          "happy"
        ],
        "elite_count": 7,
        "total_sequences": 28,
        "current_emotion": "neutral",
        "current_group": "neutral",
        "hierarchical_entropy": {
          "group_entropy": 1.0742403467974266,
          "full_entropy": 1.5852451244020214,
          "within_group_entropies": {
            "positive": 0.522451956877354,
            "negative": 0.7303578844697108,
            "neutral": 0.4598587719138603
          }
        },
        "group_matrix": [
          [
            0.42000000000000004,
            0.3,
            0.28
          ],
          [
            0.19407407407407407,
            0.38814814814814813,
            0.4177777777777778
          ],
          [
            0.3030769230769231,
            0.3030769230769231,
            0.39384615384615385
          ]
        ],
        "within_group_matrices": {
          "positive": [
            [
              0.775,
              0.22500000000000003
            ],
            [
              0.20833333333333334,
              0.7916666666666667
            ]
          ],
          "negative": [
            [
              0.6952380952380952,
              0.18095238095238098,
              0.12380952380952381
            ],
            [
              0.1,
              0.8,
              0.1
            ],
            [
              0.12380952380952381,
              0.12380952380952381,
              0.7523809523809524
            ]
          ],
          "neutral": [
            [
              0.7916666666666667,
              0.20833333333333334
            ],
            [
              0.14166666666666666,
              0.8583333333333334
            ]
          ]
        }
      },
      "success_rate": 0.9523809523809523,
      "avg_days": 56.95,
      "avg_rounds": 12.35,
      "elite_sequences": [
        {
          "sequence": [
            "fear",
            "surprising",
            "happy",
            "happy",
            "fear",
            "sad",
            "disgust",
            "disgust",
            "happy"
          ],
          "fitness": 9.396019975874887,
          "length": 9
        },
        {
          "sequence": [
            "disgust",
            "neutral",
            "neutral",
            "neutral",
            "sad",
            "neutral",
            "neutral",
            "surprising",
            "neutral",
            "surprising",
            "disgust",
            "neutral",
            "neutral"
          ],
          "fitness": 8.299368612806884,
          "length": 13
        },
        {
          "sequence": [
            "angry",
            "neutral",
            "neutral",
            "neutral"
          ],
          "fitness": 8.271288159520603,
          "length": 4
        },
        {
          "sequence": [
            "neutral",
            "disgust",
            "sad",
            "happy"
          ],
          "fitness": 8.271288159520603,
          "length": 4
        },
        {
          "sequence": [
            "happy",
            "disgust",
            "neutral",
            "happy",
            "surprising",
            "neutral",
            "surprising",
            "neutral",
            "fear",
            "fear",
            "neutral"
          ],
          "fitness": 6.07986834368201,
          "length": 11
        }
      ]
    },
    "generation_2": {
      "stats": {
        "generation": 2,
        "best_fitness": 15.904361095553233,
        "best_sequence": [
          "angry",
          "sad",
          "surprising",
          "happy",
          "fear",
          "fear"
        ],
        "elite_count": 7,
        "total_sequences": 56,
        "current_emotion": "neutral",
        "current_group": "neutral",
        "hierarchical_entropy": {
          "group_entropy": 1.0619504722303443,
          "full_entropy": 1.585602097977132,
          "within_group_entropies": {
            "positive": 0.5387420153501179,
            "negative": 0.7890912325007376,
            "neutral": 0.44873252361690597
          }
        },
        "group_matrix": [
          [
            0.4853333333333334,
            0.2633333333333333,
            0.25133333333333335
          ],
          [
            0.1831111111111111,
            0.4328888888888889,
            0.384
          ],
          [
            0.3151794871794872,
            0.3151794871794872,
            0.36964102564102563
          ]
        ],
        "within_group_matrices": {
          "positive": [
            [
              0.8078571428571428,
              0.19214285714285714
            ],
            [
              0.275,
              0.7250000000000001
            ]
          ],
          "negative": [
            [
              0.6457142857142857,
              0.16571428571428573,
              0.18857142857142856
            ],
            [
              0.12666666666666665,
              0.7466666666666666,
              0.12666666666666665
            ],
            [
              0.14095238095238094,
              0.10761904761904761,
              0.7514285714285714
            ]
          ],
          "neutral": [
            [
              0.8083333333333333,
              0.19166666666666665
            ],
            [
              0.14214285714285713,
              0.8578571428571429
            ]
          ]
        }
      },
      "success_rate": 0.9523809523809523,
      "avg_days": 32.7,
      "avg_rounds": 12.05,
      "elite_sequences": [
        {
          "sequence": [
            "angry",
            "sad",
            "surprising",
            "happy",
            "fear",
            "fear"
          ],
          "fitness": 15.904361095553233,
          "length": 6
        },
        {
          "sequence": [
            "happy",
            "sad"
          ],
          "fitness": 11.454455722127507,
          "length": 2
        },
        {
          "sequence": [
            "neutral",
            "angry",
            "fear",
            "fear",
            "neutral",
            "neutral",
            "surprising",
            "surprising",
            "happy",
            "surprising"
          ],
          "fitness": 10.563394917943917,
          "length": 10
        },
        {
          "sequence": [
            "neutral",
            "neutral",
            "happy",
            "happy",
            "happy",
            "sad"
          ],
          "fitness": 9.607758893392367,
          "length": 6
        },
        {
          "sequence": [
            "surprising"
          ],
          "fitness": 9.142664228322621,
          "length": 1
        }
      ]
    }
  },
  "scenarios_used": [
    "debt_001",
    "debt_002",
    "debt_003",
    "debt_004",
    "debt_005",
    "debt_006",
    "debt_007",
    "debt_008",
    "debt_009",
    "debt_010"
  ],
  "final_stats": {
    "best_fitness": 15.904361095553233,
    "best_sequence": [
      "angry",
      "sad",
      "surprising",
      "happy",
      "fear",
      "fear"
    ],
    "generation": 2,
    "group_matrix": [
      [
        0.4853333333333334,
        0.2633333333333333,
        0.25133333333333335
      ],
      [
        0.1831111111111111,
        0.4328888888888889,
        0.384
      ],
      [
        0.3151794871794872,
        0.3151794871794872,
        0.36964102564102563
      ]
    ],
    "within_group_matrices": {
      "positive": [
        [
          0.8078571428571428,
          0.19214285714285714
        ],
        [
          0.275,
          0.7250000000000001
        ]
      ],
      "negative": [
        [
          0.6457142857142857,
          0.16571428571428573,
          0.18857142857142856
        ],
        [
          0.12666666666666665,
          0.7466666666666666,
          0.12666666666666665
        ],
        [
          0.14095238095238094,
          0.10761904761904761,
          0.7514285714285714
        ]
      ],
      "neutral": [
        [
          0.8083333333333333,
          0.19166666666666665
        ],
        [
          0.14214285714285713,
          0.8578571428571429
        ]
      ]
    },
    "base_matrix": [
      [
        0.53335638832998,
        0.12685487927565395,
        0.0579518779342723,
        0.08296654929577467,
        0.0579518779342723,
        0.0579518779342723,
        0.08296654929577467
      ],
      [
        0.18155809859154934,
        0.47865316901408467,
        0.0579518779342723,
        0.08296654929577467,
        0.0579518779342723,
        0.0579518779342723,
        0.08296654929577467
      ],
      [
        0.058423142370958595,
        0.058423142370958595,
        0.41204116360100473,
        0.12251843448667045,
        0.10574507738432867,
        0.12033060529940846,
        0.12251843448667045
      ],
      [
        0.09665953699043785,
        0.09665953699043785,
        0.06443969132695856,
        0.4958008303975843,
        0.06443969132695856,
        0.06443969132695856,
        0.11756102164066431
      ],
      [
        0.058423142370958595,
        0.058423142370958595,
        0.08082813386273396,
        0.12251843448667045,
        0.47646057855927393,
        0.08082813386273396,
        0.12251843448667045
      ],
      [
        0.058423142370958595,
        0.058423142370958595,
        0.08994408880965886,
        0.12251843448667045,
        0.06867352726683412,
        0.4794992302082489,
        0.12251843448667045
      ],
      [
        0.09665953699043786,
        0.09665953699043786,
        0.06443969132695856,
        0.08718500611115106,
        0.06443969132695856,
        0.06443969132695856,
        0.5261768459270977
      ]
    ],
    "temperature_schedule": [
      0.5,
      0.2
    ],
    "group_entropy": 1.0619504722303443,
    "full_entropy": 1.585602097977132
  },
  "final_hierarchical_matrices": {
    "group_matrix": [
      [
        0.4853333333333334,
        0.2633333333333333,
        0.25133333333333335
      ],
      [
        0.1831111111111111,
        0.4328888888888889,
        0.384
      ],
      [
        0.3151794871794872,
        0.3151794871794872,
        0.36964102564102563
      ]
    ],
    "within_group_matrices": {
      "positive": [
        [
          0.8078571428571428,
          0.19214285714285714
        ],
        [
          0.275,
          0.7250000000000001
        ]
      ],
      "negative": [
        [
          0.6457142857142857,
          0.16571428571428573,
          0.18857142857142856
        ],
        [
          0.12666666666666665,
          0.7466666666666666,
          0.12666666666666665
        ],
        [
          0.14095238095238094,
          0.10761904761904761,
          0.7514285714285714
        ]
      ],
      "neutral": [
        [
          0.8083333333333333,
          0.19166666666666665
        ],
        [
          0.14214285714285713,
          0.8578571428571429
        ]
      ]
    },
    "full_base_matrix": [
      [
        0.53335638832998,
        0.12685487927565395,
        0.0579518779342723,
        0.08296654929577467,
        0.0579518779342723,
        0.0579518779342723,
        0.08296654929577467
      ],
      [
        0.18155809859154934,
        0.47865316901408467,
        0.0579518779342723,
        0.08296654929577467,
        0.0579518779342723,
        0.0579518779342723,
        0.08296654929577467
      ],
      [
        0.058423142370958595,
        0.058423142370958595,
        0.41204116360100473,
        0.12251843448667045,
        0.10574507738432867,
        0.12033060529940846,
        0.12251843448667045
      ],
      [
        0.09665953699043785,
        0.09665953699043785,
        0.06443969132695856,
        0.4958008303975843,
        0.06443969132695856,
        0.06443969132695856,
        0.11756102164066431
      ],
      [
        0.058423142370958595,
        0.058423142370958595,
        0.08082813386273396,
        0.12251843448667045,
        0.47646057855927393,
        0.08082813386273396,
        0.12251843448667045
      ],
      [
        0.058423142370958595,
        0.058423142370958595,
        0.08994408880965886,
        0.12251843448667045,
        0.06867352726683412,
        0.4794992302082489,
        0.12251843448667045
      ],
      [
        0.09665953699043786,
        0.09665953699043786,
        0.06443969132695856,
        0.08718500611115106,
        0.06443969132695856,
        0.06443969132695856,
        0.5261768459270977
      ]
    ]
  },
  "overall_success_rate": 0,
  "avg_successful_days": 0,
  "avg_successful_rounds": 0
}