{
  "experiment_type": "hierarchical_evolutionary_bayesian",
  "generations": 2,
  "negotiations_per_generation": 21,
  "hierarchical_structure": {
    "groups": [
      "positive",
      "negative",
      "neutral"
    ],
    "group_members": {
      "positive": [
        "happy",
        "surprising"
      ],
      "negative": [
        "angry",
        "disgust",
        "fear"
      ],
      "neutral": [
        "sad",
        "neutral"
      ]
    },
    "base_emotions": [
      "happy",
      "surprising",
      "angry",
      "sad",
      "disgust",
      "fear",
      "neutral"
    ]
  },
  "generation_results": {
    "generation_1": {
      "stats": {
        "generation": 1,
        "best_fitness": 5.743014318540951,
        "best_sequence": [
          "neutral",
          "sad",
          "disgust",
          "disgust",
          "sad",
          "happy",
          "happy",
          "disgust",
          "sad",
          "surprising",
          "surprising",
          "surprising",
          "angry",
          "neutral"
        ],
        "elite_count": 7,
        "total_sequences": 28,
        "current_emotion": "neutral",
        "current_group": "neutral",
        "hierarchical_entropy": {
          "group_entropy": 1.0689391303769655,
          "full_entropy": 1.5342324603681097,
          "within_group_entropies": {
            "positive": 0.34935688452662794,
            "negative": 0.6889422429351105,
            "neutral": 0.4544126504505747
          }
        },
        "group_matrix": [
          [
            0.40969696969696967,
            0.276969696969697,
            0.31333333333333335
          ],
          [
            0.16444444444444445,
            0.4355555555555556,
            0.4
          ],
          [
            0.32883720930232563,
            0.31023255813953493,
            0.36093023255813955
          ]
        ],
        "within_group_matrices": {
          "positive": [
            [
              0.8886363636363637,
              0.11136363636363639
            ],
            [
              0.11136363636363639,
              0.8886363636363637
            ]
          ],
          "negative": [
            [
              0.7435897435897436,
              0.09743589743589745,
              0.158974358974359
            ],
            [
              0.09743589743589745,
              0.7743589743589744,
              0.12820512820512822
            ],
            [
              0.1,
              0.1,
              0.8
            ]
          ],
          "neutral": [
            [
              0.8450000000000001,
              0.15500000000000003
            ],
            [
              0.18409090909090908,
              0.8159090909090909
            ]
          ]
        }
      },
      "success_rate": 0.047619047619047616,
      "avg_days": 26.0,
      "avg_rounds": 27.0,
      "elite_sequences": [
        {
          "sequence": [
            "neutral",
            "sad",
            "disgust",
            "disgust",
            "sad",
            "happy",
            "happy",
            "disgust",
            "sad",
            "surprising",
            "surprising",
            "surprising",
            "angry",
            "neutral"
          ],
          "fitness": 5.743014318540951,
          "length": 14
        },
        {
          "sequence": [
            "happy",
            "happy",
            "happy",
            "neutral",
            "disgust",
            "disgust",
            "disgust",
            "disgust",
            "neutral",
            "neutral",
            "sad",
            "fear",
            "sad",
            "angry",
            "surprising",
            "surprising"
          ],
          "fitness": 0.0,
          "length": 16
        },
        {
          "sequence": [
            "neutral",
            "surprising",
            "fear",
            "fear",
            "sad",
            "fear",
            "fear",
            "fear",
            "surprising",
            "surprising",
            "neutral",
            "surprising",
            "neutral",
            "happy",
            "sad",
            "disgust"
          ],
          "fitness": 0.0,
          "length": 16
        },
        {
          "sequence": [
            "neutral",
            "neutral",
            "angry",
            "angry",
            "neutral",
            "surprising",
            "sad",
            "fear",
            "fear",
            "neutral",
            "neutral",
            "disgust",
            "sad",
            "neutral",
            "neutral",
            "happy"
          ],
          "fitness": 0.0,
          "length": 16
        },
        {
          "sequence": [
            "happy",
            "angry",
            "fear",
            "neutral",
            "happy",
            "sad",
            "sad",
            "sad",
            "surprising",
            "surprising",
            "disgust",
            "disgust",
            "disgust",
            "sad",
            "happy",
            "happy"
          ],
          "fitness": 0.0,
          "length": 16
        }
      ]
    },
    "generation_2": {
      "stats": {
        "generation": 2,
        "best_fitness": 6.671302796016129,
        "best_sequence": [
          "happy",
          "disgust",
          "surprising",
          "surprising",
          "happy",
          "sad",
          "angry",
          "neutral",
          "neutral",
          "neutral",
          "sad",
          "fear"
        ],
        "elite_count": 7,
        "total_sequences": 56,
        "current_emotion": "neutral",
        "current_group": "neutral",
        "hierarchical_entropy": {
          "group_entropy": 1.0505586370375803,
          "full_entropy": 1.5406477812499515,
          "within_group_entropies": {
            "positive": 0.42188147719409175,
            "negative": 0.7404818989008085,
            "neutral": 0.4670362415199382
          }
        },
        "group_matrix": [
          [
            0.49343722943722945,
            0.24237229437229438,
            0.2641904761904762
          ],
          [
            0.16318279569892474,
            0.4032688172043011,
            0.43354838709677423
          ],
          [
            0.29295449949443886,
            0.2904873609706775,
            0.41655813953488374
          ]
        ],
        "within_group_matrices": {
          "positive": [
            [
              0.8665151515151516,
              0.13348484848484848
            ],
            [
              0.16681818181818184,
              0.8331818181818182
            ]
          ],
          "negative": [
            [
              0.7370629370629371,
              0.09482517482517483,
              0.16811188811188812
            ],
            [
              0.1584615384615385,
              0.7146153846153847,
              0.12692307692307692
            ],
            [
              0.11,
              0.11,
              0.78
            ]
          ],
          "neutral": [
            [
              0.8128823529411765,
              0.18711764705882356
            ],
            [
              0.16759740259740258,
              0.8324025974025974
            ]
          ]
        }
      },
      "success_rate": 0.047619047619047616,
      "avg_days": 25.0,
      "avg_rounds": 23.0,
      "elite_sequences": [
        {
          "sequence": [
            "happy",
            "disgust",
            "surprising",
            "surprising",
            "happy",
            "sad",
            "angry",
            "neutral",
            "neutral",
            "neutral",
            "sad",
            "fear"
          ],
          "fitness": 6.671302796016129,
          "length": 12
        },
        {
          "sequence": [
            "disgust",
            "happy",
            "neutral",
            "neutral",
            "fear",
            "fear",
            "fear",
            "neutral",
            "neutral",
            "neutral",
            "happy",
            "happy",
            "angry",
            "angry",
            "fear",
            "sad"
          ],
          "fitness": 0.0,
          "length": 16
        },
        {
          "sequence": [
            "happy",
            "happy",
            "happy",
            "fear",
            "sad",
            "sad",
            "sad",
            "sad",
            "neutral",
            "neutral",
            "neutral",
            "happy",
            "happy",
            "happy",
            "happy",
            "surprising"
          ],
          "fitness": 0.0,
          "length": 16
        },
        {
          "sequence": [
            "sad",
            "surprising",
            "surprising",
            "surprising",
            "surprising",
            "happy",
            "fear",
            "sad",
            "surprising",
            "surprising",
            "sad",
            "sad",
            "angry",
            "sad",
            "sad",
            "fear"
          ],
          "fitness": 0.0,
          "length": 16
        },
        {
          "sequence": [
            "sad",
            "surprising",
            "surprising",
            "sad",
            "neutral",
            "neutral",
            "fear",
            "happy",
            "neutral",
            "happy",
            "happy",
            "happy",
            "happy",
            "happy",
            "sad",
            "happy"
          ],
          "fitness": 0.0,
          "length": 16
        }
      ]
    }
  },
  "scenarios_used": [
    "debt_001",
    "debt_002",
    "debt_003",
    "debt_004",
    "debt_005",
    "debt_006",
    "debt_007",
    "debt_008",
    "debt_009",
    "debt_010"
  ],
  "final_stats": {
    "best_fitness": 6.671302796016129,
    "best_sequence": [
      "happy",
      "disgust",
      "surprising",
      "surprising",
      "happy",
      "sad",
      "angry",
      "neutral",
      "neutral",
      "neutral",
      "sad",
      "fear"
    ],
    "generation": 2,
    "group_matrix": [
      [
        0.49343722943722945,
        0.24237229437229438,
        0.2641904761904762
      ],
      [
        0.16318279569892474,
        0.4032688172043011,
        0.43354838709677423
      ],
      [
        0.29295449949443886,
        0.2904873609706775,
        0.41655813953488374
      ]
    ],
    "within_group_matrices": {
      "positive": [
        [
          0.8665151515151516,
          0.13348484848484848
        ],
        [
          0.16681818181818184,
          0.8331818181818182
        ]
      ],
      "negative": [
        [
          0.7370629370629371,
          0.09482517482517483,
          0.16811188811188812
        ],
        [
          0.1584615384615385,
          0.7146153846153847,
          0.12692307692307692
        ],
        [
          0.11,
          0.11,
          0.78
        ]
      ],
      "neutral": [
        [
          0.8128823529411765,
          0.18711764705882356
        ],
        [
          0.16759740259740258,
          0.8324025974025974
        ]
      ]
    },
    "base_matrix": [
      [
        0.5751603374557491,
        0.08860224817249782,
        0.05362588693240157,
        0.08767987678727414,
        0.05362588693240157,
        0.05362588693240157,
        0.08767987678727414
      ],
      [
        0.11072766769343939,
        0.5530349179348076,
        0.05362588693240157,
        0.08767987678727414,
        0.05362588693240157,
        0.05362588693240157,
        0.08767987678727414
      ],
      [
        0.05109901950220881,
        0.05109901950220881,
        0.46160740455536275,
        0.13576123262579462,
        0.05938706267334647,
        0.10528502851528387,
        0.13576123262579462
      ],
      [
        0.09250560655519965,
        0.09250560655519965,
        0.06115104238504646,
        0.513364193051207,
        0.06115104238504646,
        0.06115104238504646,
        0.11817146668325419
      ],
      [
        0.05109901950220881,
        0.05109901950220881,
        0.09924121240250967,
        0.13576123262579462,
        0.44754896272782274,
        0.07948932061366065,
        0.13576123262579462
      ],
      [
        0.05109901950220881,
        0.05109901950220881,
        0.06889074453183923,
        0.13576123262579462,
        0.06889074453183923,
        0.48849800668031457,
        0.13576123262579462
      ],
      [
        0.09250560655519968,
        0.09250560655519968,
        0.06115104238504648,
        0.10584373621913276,
        0.06115104238504648,
        0.06115104238504648,
        0.5256919235153286
      ]
    ],
    "temperature_schedule": [
      0.5,
      0.2
    ],
    "group_entropy": 1.0505586370375803,
    "full_entropy": 1.5406477812499515
  },
  "final_hierarchical_matrices": {
    "group_matrix": [
      [
        0.49343722943722945,
        0.24237229437229438,
        0.2641904761904762
      ],
      [
        0.16318279569892474,
        0.4032688172043011,
        0.43354838709677423
      ],
      [
        0.29295449949443886,
        0.2904873609706775,
        0.41655813953488374
      ]
    ],
    "within_group_matrices": {
      "positive": [
        [
          0.8665151515151516,
          0.13348484848484848
        ],
        [
          0.16681818181818184,
          0.8331818181818182
        ]
      ],
      "negative": [
        [
          0.7370629370629371,
          0.09482517482517483,
          0.16811188811188812
        ],
        [
          0.1584615384615385,
          0.7146153846153847,
          0.12692307692307692
        ],
        [
          0.11,
          0.11,
          0.78
        ]
      ],
      "neutral": [
        [
          0.8128823529411765,
          0.18711764705882356
        ],
        [
          0.16759740259740258,
          0.8324025974025974
        ]
      ]
    },
    "full_base_matrix": [
      [
        0.5751603374557491,
        0.08860224817249782,
        0.05362588693240157,
        0.08767987678727414,
        0.05362588693240157,
        0.05362588693240157,
        0.08767987678727414
      ],
      [
        0.11072766769343939,
        0.5530349179348076,
        0.05362588693240157,
        0.08767987678727414,
        0.05362588693240157,
        0.05362588693240157,
        0.08767987678727414
      ],
      [
        0.05109901950220881,
        0.05109901950220881,
        0.46160740455536275,
        0.13576123262579462,
        0.05938706267334647,
        0.10528502851528387,
        0.13576123262579462
      ],
      [
        0.09250560655519965,
        0.09250560655519965,
        0.06115104238504646,
        0.513364193051207,
        0.06115104238504646,
        0.06115104238504646,
        0.11817146668325419
      ],
      [
        0.05109901950220881,
        0.05109901950220881,
        0.09924121240250967,
        0.13576123262579462,
        0.44754896272782274,
        0.07948932061366065,
        0.13576123262579462
      ],
      [
        0.05109901950220881,
        0.05109901950220881,
        0.06889074453183923,
        0.13576123262579462,
        0.06889074453183923,
        0.48849800668031457,
        0.13576123262579462
      ],
      [
        0.09250560655519968,
        0.09250560655519968,
        0.06115104238504648,
        0.10584373621913276,
        0.06115104238504648,
        0.06115104238504648,
        0.5256919235153286
      ]
    ]
  },
  "overall_success_rate": 0,
  "avg_successful_days": 0,
  "avg_successful_rounds": 0
}