{
  "experiment_type": "evolutionary_bayesian_sequences",
  "generations": 2,
  "negotiations_per_generation": 2,
  "generation_results": {
    "generation_1": {
      "stats": {
        "generation": 1,
        "best_fitness": 0.0,
        "elite_count": 1,
        "avg_elite_fitness": 0.0,
        "current_emotion": "neutral",
        "emotion_history": [],
        "matrix_entropy": 1.7809224929056982,
        "sequence_pool_size": 2
      },
      "success_rate": 0.0,
      "avg_days": 0,
      "avg_rounds": 0,
      "elite_sequences": [
        {
          "sequence": [
            "fear",
            "surprising",
            "happy",
            "happy",
            "sad",
            "sad",
            "neutral",
            "neutral",
            "neutral",
            "neutral",
            "sad",
            "neutral",
            "surprising",
            "happy",
            "sad",
            "angry"
          ],
          "fitness": 0.0,
          "length": 16
        }
      ]
    },
    "generation_2": {
      "stats": {
        "generation": 2,
        "best_fitness": 0.0,
        "elite_count": 1,
        "avg_elite_fitness": 0.0,
        "current_emotion": "neutral",
        "emotion_history": [],
        "matrix_entropy": 1.7634365820491955,
        "sequence_pool_size": 4
      },
      "success_rate": 0.0,
      "avg_days": 0,
      "avg_rounds": 0,
      "elite_sequences": [
        {
          "sequence": [
            "neutral",
            "neutral",
            "neutral",
            "disgust",
            "surprising",
            "happy",
            "disgust",
            "neutral",
            "happy",
            "happy",
            "surprising",
            "angry",
            "neutral",
            "fear",
            "surprising",
            "disgust"
          ],
          "fitness": 0.0,
          "length": 16
        }
      ]
    }
  },
  "scenarios_used": [
    "debt_001",
    "debt_002",
    "debt_003",
    "debt_004",
    "debt_005",
    "debt_006",
    "debt_007",
    "debt_008",
    "debt_009",
    "debt_010"
  ],
  "final_stats": {
    "generation": 2,
    "best_fitness": 0.0,
    "elite_count": 1,
    "avg_elite_fitness": 0.0,
    "current_emotion": "neutral",
    "emotion_history": [],
    "matrix_entropy": 1.7634365820491955,
    "sequence_pool_size": 4,
    "base_transition_matrix": [
      [
        0.3,
        0.2,
        0.05,
        0.1,
        0.05,
        0.05,
        0.25
      ],
      [
        0.25000000000000006,
        0.25000000000000006,
        0.10000000000000002,
        0.10000000000000002,
        0.10000000000000002,
        0.10000000000000002,
        0.10000000000000002
      ],
      [
        0.1,
        0.1,
        0.2,
        0.15,
        0.15,
        0.1,
        0.2
      ],
      [
        0.2,
        0.1,
        0.1,
        0.2,
        0.1,
        0.1,
        0.2
      ],
      [
        0.1,
        0.1,
        0.15,
        0.15,
        0.2,
        0.1,
        0.2
      ],
      [
        0.15,
        0.1,
        0.1,
        0.2,
        0.1,
        0.15,
        0.2
      ],
      [
        0.15,
        0.15,
        0.1,
        0.15,
        0.1,
        0.1,
        0.25
      ]
    ],
    "current_transition_matrix": [
      [
        0.28312378094523627,
        0.2006721680420105,
        0.03504426106526631,
        0.1923990997749437,
        0.0908582145536384,
        0.0908582145536384,
        0.10704426106526634
      ],
      [
        0.3580270067516879,
        0.10704426106526636,
        0.1646721680420105,
        0.053044261065266336,
        0.21112378094523632,
        0.053044261065266336,
        0.053044261065266336
      ],
      [
        0.07551417004048583,
        0.07551417004048583,
        0.11151417004048582,
        0.09351417004048582,
        0.09351417004048582,
        0.07551417004048583,
        0.4749149797570851
      ],
      [
        0.1335064935064935,
        0.0975064935064935,
        0.17605194805194804,
        0.18587012987012988,
        0.0975064935064935,
        0.0975064935064935,
        0.21205194805194805
      ],
      [
        0.07046153846153846,
        0.26246153846153847,
        0.08846153846153845,
        0.08846153846153845,
        0.10646153846153845,
        0.18123076923076925,
        0.2024615384615385
      ],
      [
        0.07959999999999999,
        0.3688,
        0.061599999999999995,
        0.1552,
        0.061599999999999995,
        0.07959999999999999,
        0.19360000000000005
      ],
      [
        0.1355463665280157,
        0.1111176902373379,
        0.045904575483239535,
        0.1111176902373379,
        0.11754636652801567,
        0.11754636652801567,
        0.36122094445803776
      ]
    ],
    "temperature_schedule": [
      0.5,
      0.2
    ]
  },
  "final_best_sequence": {
    "sequence": [
      "fear",
      "surprising",
      "happy",
      "happy",
      "sad",
      "sad",
      "neutral",
      "neutral",
      "neutral",
      "neutral",
      "sad",
      "neutral",
      "surprising",
      "happy",
      "sad",
      "angry"
    ],
    "fitness": 0.0,
    "transition_matrix": [
      [
        0.28312378094523627,
        0.2006721680420105,
        0.03504426106526631,
        0.1923990997749437,
        0.0908582145536384,
        0.0908582145536384,
        0.10704426106526634
      ],
      [
        0.3580270067516879,
        0.10704426106526636,
        0.1646721680420105,
        0.053044261065266336,
        0.21112378094523632,
        0.053044261065266336,
        0.053044261065266336
      ],
      [
        0.07551417004048583,
        0.07551417004048583,
        0.11151417004048582,
        0.09351417004048582,
        0.09351417004048582,
        0.07551417004048583,
        0.4749149797570851
      ],
      [
        0.1335064935064935,
        0.0975064935064935,
        0.17605194805194804,
        0.18587012987012988,
        0.0975064935064935,
        0.0975064935064935,
        0.21205194805194805
      ],
      [
        0.07046153846153846,
        0.26246153846153847,
        0.08846153846153845,
        0.08846153846153845,
        0.10646153846153845,
        0.18123076923076925,
        0.2024615384615385
      ],
      [
        0.07959999999999999,
        0.3688,
        0.061599999999999995,
        0.1552,
        0.061599999999999995,
        0.07959999999999999,
        0.19360000000000005
      ],
      [
        0.1355463665280157,
        0.1111176902373379,
        0.045904575483239535,
        0.1111176902373379,
        0.11754636652801567,
        0.11754636652801567,
        0.36122094445803776
      ]
    ]
  },
  "overall_success_rate": 0.0,
  "avg_successful_days": 0,
  "avg_successful_rounds": 0,
  "statistical_analysis": {
    "success_rate": {
      "mean": 0.0,
      "std": 0.0,
      "ci_95": [
        0.0,
        0.98
      ],
      "n_success": 0,
      "n_total": 4,
      "method": "wilson_score"
    },
    "collection_rate": {
      "mean": 0.0,
      "std": 0.0,
      "ci_95": [
        0.0,
        0.0
      ],
      "min": 0.0,
      "max": 0.0,
      "median": 0.0,
      "method": "bootstrap"
    },
    "negotiation_rounds": {
      "mean": 31.0,
      "std": 0.0,
      "ci_95": [
        31.0,
        31.0
      ],
      "min": 31,
      "max": 31,
      "median": 31.0,
      "method": "bootstrap"
    },
    "sample_size": 4,
    "analysis_method": "bootstrap"
  },
  "confidence_intervals": {
    "success_rate_95_ci": [
      0.0,
      0.98
    ],
    "collection_rate_95_ci": [
      0.0,
      0.0
    ],
    "negotiation_rounds_95_ci": [
      31.0,
      31.0
    ]
  }
}