{
  "experiment_type": "evolutionary_bayesian_sequences",
  "generations": 2,
  "negotiations_per_generation": 2,
  "generation_results": {
    "generation_1": {
      "stats": {
        "generation": 1,
        "best_fitness": 0.0,
        "elite_count": 1,
        "avg_elite_fitness": 0.0,
        "current_emotion": "neutral",
        "emotion_history": [],
        "matrix_entropy": 1.7981666209421145,
        "sequence_pool_size": 2
      },
      "success_rate": 0.0,
      "avg_days": 0,
      "avg_rounds": 0,
      "elite_sequences": [
        {
          "sequence": [
            "happy",
            "disgust",
            "disgust",
            "fear",
            "sad",
            "happy",
            "neutral",
            "neutral",
            "surprising",
            "disgust",
            "angry",
            "happy",
            "sad",
            "happy",
            "surprising",
            "surprising"
          ],
          "fitness": 0.0,
          "length": 16
        }
      ]
    },
    "generation_2": {
      "stats": {
        "generation": 2,
        "best_fitness": 0.0,
        "elite_count": 1,
        "avg_elite_fitness": 0.0,
        "current_emotion": "neutral",
        "emotion_history": [],
        "matrix_entropy": 1.7696318127977115,
        "sequence_pool_size": 4
      },
      "success_rate": 0.0,
      "avg_days": 0,
      "avg_rounds": 0,
      "elite_sequences": [
        {
          "sequence": [
            "surprising",
            "disgust",
            "fear",
            "neutral",
            "surprising",
            "neutral",
            "angry",
            "angry",
            "disgust",
            "angry",
            "happy",
            "happy",
            "angry",
            "neutral",
            "neutral",
            "sad"
          ],
          "fitness": 0.0,
          "length": 16
        }
      ]
    }
  },
  "scenarios_used": [
    "debt_001",
    "debt_002",
    "debt_003",
    "debt_004",
    "debt_005",
    "debt_006",
    "debt_007",
    "debt_008",
    "debt_009",
    "debt_010"
  ],
  "final_stats": {
    "generation": 2,
    "best_fitness": 0.0,
    "elite_count": 1,
    "avg_elite_fitness": 0.0,
    "current_emotion": "neutral",
    "emotion_history": [],
    "matrix_entropy": 1.7696318127977115,
    "sequence_pool_size": 4,
    "base_transition_matrix": [
      [
        0.3,
        0.2,
        0.05,
        0.1,
        0.05,
        0.05,
        0.25
      ],
      [
        0.25000000000000006,
        0.25000000000000006,
        0.10000000000000002,
        0.10000000000000002,
        0.10000000000000002,
        0.10000000000000002,
        0.10000000000000002
      ],
      [
        0.1,
        0.1,
        0.2,
        0.15,
        0.15,
        0.1,
        0.2
      ],
      [
        0.2,
        0.1,
        0.1,
        0.2,
        0.1,
        0.1,
        0.2
      ],
      [
        0.1,
        0.1,
        0.15,
        0.15,
        0.2,
        0.1,
        0.2
      ],
      [
        0.15,
        0.1,
        0.1,
        0.2,
        0.1,
        0.15,
        0.2
      ],
      [
        0.15,
        0.15,
        0.1,
        0.15,
        0.1,
        0.1,
        0.25
      ]
    ],
    "current_transition_matrix": [
      [
        0.2801055718475073,
        0.14163049853372436,
        0.21628739002932548,
        0.07944868035190616,
        0.08763049853372434,
        0.03526686217008798,
        0.15963049853372435
      ],
      [
        0.11560000000000001,
        0.17320000000000002,
        0.06160000000000001,
        0.06160000000000001,
        0.31120000000000003,
        0.11919999999999999,
        0.15760000000000005
      ],
      [
        0.3129454545454545,
        0.052872727272727266,
        0.17614545454545455,
        0.07087272727272725,
        0.15814545454545453,
        0.052872727272727266,
        0.17614545454545455
      ],
      [
        0.28516923076923084,
        0.07636923076923077,
        0.07636923076923077,
        0.11236923076923079,
        0.07636923076923077,
        0.07636923076923077,
        0.29698461538461546
      ],
      [
        0.05448462115528882,
        0.05448462115528882,
        0.29430007501875466,
        0.07248462115528882,
        0.15746136534133534,
        0.27630007501875464,
        0.09048462115528882
      ],
      [
        0.08465263157894735,
        0.06665263157894737,
        0.06665263157894737,
        0.21785263157894738,
        0.12425263157894739,
        0.08465263157894735,
        0.3552842105263158
      ],
      [
        0.06901466275659825,
        0.1591026392961877,
        0.13828739002932552,
        0.19992375366568915,
        0.051014662756598245,
        0.09746627565982408,
        0.28519061583577715
      ]
    ],
    "temperature_schedule": [
      0.5,
      0.2
    ]
  },
  "final_best_sequence": {
    "sequence": [
      "happy",
      "disgust",
      "disgust",
      "fear",
      "sad",
      "happy",
      "neutral",
      "neutral",
      "surprising",
      "disgust",
      "angry",
      "happy",
      "sad",
      "happy",
      "surprising",
      "surprising"
    ],
    "fitness": 0.0,
    "transition_matrix": [
      [
        0.2801055718475073,
        0.14163049853372436,
        0.21628739002932548,
        0.07944868035190616,
        0.08763049853372434,
        0.03526686217008798,
        0.15963049853372435
      ],
      [
        0.11560000000000001,
        0.17320000000000002,
        0.06160000000000001,
        0.06160000000000001,
        0.31120000000000003,
        0.11919999999999999,
        0.15760000000000005
      ],
      [
        0.3129454545454545,
        0.052872727272727266,
        0.17614545454545455,
        0.07087272727272725,
        0.15814545454545453,
        0.052872727272727266,
        0.17614545454545455
      ],
      [
        0.28516923076923084,
        0.07636923076923077,
        0.07636923076923077,
        0.11236923076923079,
        0.07636923076923077,
        0.07636923076923077,
        0.29698461538461546
      ],
      [
        0.05448462115528882,
        0.05448462115528882,
        0.29430007501875466,
        0.07248462115528882,
        0.15746136534133534,
        0.27630007501875464,
        0.09048462115528882
      ],
      [
        0.08465263157894735,
        0.06665263157894737,
        0.06665263157894737,
        0.21785263157894738,
        0.12425263157894739,
        0.08465263157894735,
        0.3552842105263158
      ],
      [
        0.06901466275659825,
        0.1591026392961877,
        0.13828739002932552,
        0.19992375366568915,
        0.051014662756598245,
        0.09746627565982408,
        0.28519061583577715
      ]
    ]
  },
  "overall_success_rate": 0.0,
  "avg_successful_days": 0,
  "avg_successful_rounds": 0,
  "statistical_analysis": {
    "success_rate": {
      "mean": 0.0,
      "std": 0.0,
      "ci_95": [
        0.0,
        0.98
      ],
      "n_success": 0,
      "n_total": 4,
      "method": "wilson_score"
    },
    "collection_rate": {
      "mean": 0.0,
      "std": 0.0,
      "ci_95": [
        0.0,
        0.0
      ],
      "min": 0.0,
      "max": 0.0,
      "median": 0.0,
      "method": "bootstrap"
    },
    "negotiation_rounds": {
      "mean": 31.0,
      "std": 0.0,
      "ci_95": [
        31.0,
        31.0
      ],
      "min": 31,
      "max": 31,
      "median": 31.0,
      "method": "bootstrap"
    },
    "sample_size": 4,
    "analysis_method": "bootstrap"
  },
  "confidence_intervals": {
    "success_rate_95_ci": [
      0.0,
      0.98
    ],
    "collection_rate_95_ci": [
      0.0,
      0.0
    ],
    "negotiation_rounds_95_ci": [
      31.0,
      31.0
    ]
  }
}