{
  "experiment_type": "evolutionary_bayesian_sequences",
  "generations": 2,
  "negotiations_per_generation": 2,
  "generation_results": {
    "generation_1": {
      "stats": {
        "generation": 1,
        "best_fitness": 0.0,
        "elite_count": 1,
        "avg_elite_fitness": 0.0,
        "current_emotion": "neutral",
        "emotion_history": [],
        "matrix_entropy": 1.8882062182185477,
        "sequence_pool_size": 2
      },
      "success_rate": 1.0,
      "avg_days": 27.5,
      "avg_rounds": 10.5,
      "elite_sequences": [
        {
          "sequence": [
            "neutral",
            "disgust",
            "neutral",
            "neutral",
            "happy",
            "sad"
          ],
          "fitness": 0.0,
          "length": 6
        }
      ]
    },
    "generation_2": {
      "stats": {
        "generation": 2,
        "best_fitness": 0.0,
        "elite_count": 1,
        "avg_elite_fitness": 0.0,
        "current_emotion": "neutral",
        "emotion_history": [],
        "matrix_entropy": 1.8987439417029586,
        "sequence_pool_size": 4
      },
      "success_rate": 1.0,
      "avg_days": 45.0,
      "avg_rounds": 8.0,
      "elite_sequences": [
        {
          "sequence": [
            "fear",
            "happy",
            "happy",
            "sad",
            "sad"
          ],
          "fitness": 0.0,
          "length": 5
        }
      ]
    }
  },
  "scenarios_used": [
    "debt_001",
    "debt_002",
    "debt_003",
    "debt_004",
    "debt_005",
    "debt_006",
    "debt_007",
    "debt_008",
    "debt_009",
    "debt_010"
  ],
  "final_stats": {
    "generation": 2,
    "best_fitness": 0.0,
    "elite_count": 1,
    "avg_elite_fitness": 0.0,
    "current_emotion": "neutral",
    "emotion_history": [],
    "matrix_entropy": 1.8987439417029586,
    "sequence_pool_size": 4,
    "base_transition_matrix": [
      [
        0.3,
        0.2,
        0.05,
        0.1,
        0.05,
        0.05,
        0.25
      ],
      [
        0.25000000000000006,
        0.25000000000000006,
        0.10000000000000002,
        0.10000000000000002,
        0.10000000000000002,
        0.10000000000000002,
        0.10000000000000002
      ],
      [
        0.1,
        0.1,
        0.2,
        0.15,
        0.15,
        0.1,
        0.2
      ],
      [
        0.2,
        0.1,
        0.1,
        0.2,
        0.1,
        0.1,
        0.2
      ],
      [
        0.1,
        0.1,
        0.15,
        0.15,
        0.2,
        0.1,
        0.2
      ],
      [
        0.15,
        0.1,
        0.1,
        0.2,
        0.1,
        0.15,
        0.2
      ],
      [
        0.15,
        0.15,
        0.1,
        0.15,
        0.1,
        0.1,
        0.25
      ]
    ],
    "current_transition_matrix": [
      [
        0.25519131614654,
        0.12366892808683853,
        0.06966892808683854,
        0.22682767978290366,
        0.06966892808683854,
        0.06966892808683854,
        0.18530529172320218
      ],
      [
        0.18142857142857138,
        0.18142857142857138,
        0.12742857142857142,
        0.12742857142857142,
        0.12742857142857142,
        0.12742857142857142,
        0.12742857142857142
      ],
      [
        0.12742857142857142,
        0.12742857142857142,
        0.16342857142857142,
        0.14542857142857143,
        0.14542857142857143,
        0.12742857142857142,
        0.16342857142857142
      ],
      [
        0.14550140056022412,
        0.1095014005602241,
        0.1095014005602241,
        0.2709915966386555,
        0.1095014005602241,
        0.1095014005602241,
        0.14550140056022412
      ],
      [
        0.11496103896103896,
        0.11496103896103896,
        0.13296103896103897,
        0.13296103896103897,
        0.15096103896103896,
        0.11496103896103896,
        0.23823376623376621
      ],
      [
        0.2529915966386555,
        0.1095014005602241,
        0.1095014005602241,
        0.14550140056022412,
        0.1095014005602241,
        0.1275014005602241,
        0.14550140056022412
      ],
      [
        0.17430075187969926,
        0.12377443609022558,
        0.10577443609022556,
        0.12377443609022558,
        0.15630075187969927,
        0.10577443609022556,
        0.21030075187969927
      ]
    ],
    "temperature_schedule": [
      0.5,
      0.2
    ]
  },
  "final_best_sequence": {
    "sequence": [
      "neutral",
      "disgust",
      "neutral",
      "neutral",
      "happy",
      "sad"
    ],
    "fitness": 0.0,
    "transition_matrix": [
      [
        0.25519131614654,
        0.12366892808683853,
        0.06966892808683854,
        0.22682767978290366,
        0.06966892808683854,
        0.06966892808683854,
        0.18530529172320218
      ],
      [
        0.18142857142857138,
        0.18142857142857138,
        0.12742857142857142,
        0.12742857142857142,
        0.12742857142857142,
        0.12742857142857142,
        0.12742857142857142
      ],
      [
        0.12742857142857142,
        0.12742857142857142,
        0.16342857142857142,
        0.14542857142857143,
        0.14542857142857143,
        0.12742857142857142,
        0.16342857142857142
      ],
      [
        0.14550140056022412,
        0.1095014005602241,
        0.1095014005602241,
        0.2709915966386555,
        0.1095014005602241,
        0.1095014005602241,
        0.14550140056022412
      ],
      [
        0.11496103896103896,
        0.11496103896103896,
        0.13296103896103897,
        0.13296103896103897,
        0.15096103896103896,
        0.11496103896103896,
        0.23823376623376621
      ],
      [
        0.2529915966386555,
        0.1095014005602241,
        0.1095014005602241,
        0.14550140056022412,
        0.1095014005602241,
        0.1275014005602241,
        0.14550140056022412
      ],
      [
        0.17430075187969926,
        0.12377443609022558,
        0.10577443609022556,
        0.12377443609022558,
        0.15630075187969927,
        0.10577443609022556,
        0.21030075187969927
      ]
    ]
  },
  "overall_success_rate": 1.0,
  "avg_successful_days": 36.25,
  "avg_successful_rounds": 9.25,
  "statistical_analysis": {
    "success_rate": {
      "mean": 1.0,
      "std": 0.0,
      "ci_95": [
        0.020000000000000018,
        1.0
      ],
      "n_success": 4,
      "n_total": 4,
      "method": "wilson_score"
    },
    "collection_rate": {
      "mean": 0.5038461538461538,
      "std": 0.25228736628570353,
      "ci_95": [
        0.3076923076923077,
        0.7000000000000001
      ],
      "min": 0.2153846153846154,
      "max": 0.8,
      "median": 0.5,
      "method": "bootstrap"
    },
    "negotiation_rounds": {
      "mean": 9.25,
      "std": 2.0615528128088303,
      "ci_95": [
        7.5,
        11.25
      ],
      "min": 7,
      "max": 12,
      "median": 9.0,
      "method": "bootstrap"
    },
    "sample_size": 4,
    "analysis_method": "bootstrap"
  },
  "confidence_intervals": {
    "success_rate_95_ci": [
      0.020000000000000018,
      1.0
    ],
    "collection_rate_95_ci": [
      0.3076923076923077,
      0.7000000000000001
    ],
    "negotiation_rounds_95_ci": [
      7.5,
      11.25
    ]
  }
}