{
  "experiment_type": "hierarchical_evolutionary_bayesian",
  "generations": 10,
  "negotiations_per_generation": 10,
  "hierarchical_structure": {
    "groups": [
      "positive",
      "negative",
      "neutral"
    ],
    "group_members": {
      "positive": [
        "happy",
        "surprising"
      ],
      "negative": [
        "angry",
        "disgust",
        "fear"
      ],
      "neutral": [
        "sad",
        "neutral"
      ]
    },
    "base_emotions": [
      "happy",
      "surprising",
      "angry",
      "sad",
      "disgust",
      "fear",
      "neutral"
    ]
  },
  "generation_results": {
    "generation_1": {
      "stats": {
        "generation": 1,
        "best_fitness": 0.0,
        "elite_count": 3,
        "total_sequences": 13,
        "current_emotion": "neutral",
        "current_group": "neutral",
        "hierarchical_entropy": {
          "group_entropy": 1.0783894415515711,
          "full_entropy": 1.5525659300385601,
          "within_group_entropies": {
            "positive": 0.39920872696908477,
            "negative": 0.7384171438595505,
            "neutral": 0.4196312030765766
          }
        },
        "group_matrix": [
          [
            0.4066666666666667,
            0.28,
            0.31333333333333335
          ],
          [
            0.22666666666666668,
            0.45333333333333337,
            0.32
          ],
          [
            0.33,
            0.28,
            0.39
          ]
        ],
        "within_group_matrices": {
          "positive": [
            [
              0.8678571428571429,
              0.13214285714285715
            ],
            [
              0.14166666666666666,
              0.8583333333333334
            ]
          ],
          "negative": [
            [
              0.7575757575757576,
              0.1393939393939394,
              0.10303030303030306
            ],
            [
              0.12380952380952381,
              0.7523809523809524,
              0.12380952380952381
            ],
            [
              0.13333333333333336,
              0.13333333333333336,
              0.7333333333333334
            ]
          ],
          "neutral": [
            [
              0.8583333333333334,
              0.14166666666666666
            ],
            [
              0.15500000000000003,
              0.8450000000000001
            ]
          ]
        }
      },
      "success_rate": 1.0,
      "avg_days": 98.0,
      "avg_rounds": 13.4,
      "elite_sequences": [
        {
          "sequence": [
            "angry",
            "happy",
            "happy",
            "sad",
            "sad",
            "happy",
            "sad"
          ],
          "fitness": 0.0,
          "length": 7
        },
        {
          "sequence": [
            "happy",
            "happy",
            "angry",
            "angry",
            "angry",
            "surprising",
            "surprising"
          ],
          "fitness": 0.0,
          "length": 7
        },
        {
          "sequence": [
            "angry",
            "angry",
            "angry",
            "disgust",
            "disgust",
            "neutral"
          ],
          "fitness": 0.0,
          "length": 6
        }
      ]
    },
    "generation_2": {
      "stats": {
        "generation": 2,
        "best_fitness": 0.0,
        "elite_count": 3,
        "total_sequences": 26,
        "current_emotion": "neutral",
        "current_group": "neutral",
        "hierarchical_entropy": {
          "group_entropy": 1.0860262308836781,
          "full_entropy": 1.5903650924144441,
          "within_group_entropies": {
            "positive": 0.45659413135398763,
            "negative": 0.7652297923414908,
            "neutral": 0.4196312030765766
          }
        },
        "group_matrix": [
          [
            0.4154285714285714,
            0.2822857142857143,
            0.30228571428571427
          ],
          [
            0.2590769230769231,
            0.4258461538461539,
            0.3150769230769231
          ],
          [
            0.358,
            0.328,
            0.31399999999999995
          ]
        ],
        "within_group_matrices": {
          "positive": [
            [
              0.7873809523809524,
              0.21261904761904762
            ],
            [
              0.135,
              0.865
            ]
          ],
          "negative": [
            [
              0.7212121212121212,
              0.1503030303030303,
              0.12848484848484848
            ],
            [
              0.13142857142857142,
              0.7371428571428571,
              0.13142857142857142
            ],
            [
              0.13,
              0.13,
              0.74
            ]
          ],
          "neutral": [
            [
              0.8583333333333334,
              0.14166666666666666
            ],
            [
              0.15500000000000003,
              0.8450000000000001
            ]
          ]
        }
      },
      "success_rate": 1.0,
      "avg_days": 98.0,
      "avg_rounds": 14.6,
      "elite_sequences": [
        {
          "sequence": [
            "disgust",
            "sad",
            "fear",
            "fear",
            "surprising",
            "surprising",
            "sad"
          ],
          "fitness": 0.0,
          "length": 7
        },
        {
          "sequence": [
            "neutral",
            "happy",
            "angry",
            "surprising",
            "surprising",
            "neutral",
            "fear",
            "fear"
          ],
          "fitness": 0.0,
          "length": 8
        },
        {
          "sequence": [
            "disgust",
            "disgust",
            "neutral",
            "happy",
            "surprising",
            "surprising",
            "angry"
          ],
          "fitness": 0.0,
          "length": 7
        }
      ]
    },
    "generation_3": {
      "stats": {
        "generation": 3,
        "best_fitness": 0.0,
        "elite_count": 3,
        "total_sequences": 39,
        "current_emotion": "neutral",
        "current_group": "neutral",
        "hierarchical_entropy": {
          "group_entropy": 1.0743079308717305,
          "full_entropy": 1.6169123034673292,
          "within_group_entropies": {
            "positive": 0.45659413135398763,
            "negative": 0.8441682838813017,
            "neutral": 0.4196312030765766
          }
        },
        "group_matrix": [
          [
            0.3492571428571428,
            0.3693714285714286,
            0.28137142857142855
          ],
          [
            0.21258901098901098,
            0.48407912087912086,
            0.30333186813186813
          ],
          [
            0.3925777777777778,
            0.33013333333333333,
            0.27728888888888886
          ]
        ],
        "within_group_matrices": {
          "positive": [
            [
              0.7873809523809524,
              0.21261904761904762
            ],
            [
              0.135,
              0.865
            ]
          ],
          "negative": [
            [
              0.6612987012987013,
              0.20446753246753246,
              0.13423376623376623
            ],
            [
              0.16774603174603175,
              0.6645079365079365,
              0.16774603174603175
            ],
            [
              0.178,
              0.11133333333333334,
              0.7106666666666667
            ]
          ],
          "neutral": [
            [
              0.8583333333333334,
              0.14166666666666666
            ],
            [
              0.15500000000000003,
              0.8450000000000001
            ]
          ]
        }
      },
      "success_rate": 1.0,
      "avg_days": 98.0,
      "avg_rounds": 14.2,
      "elite_sequences": [
        {
          "sequence": [
            "fear",
            "fear",
            "neutral",
            "surprising",
            "disgust",
            "angry",
            "neutral"
          ],
          "fitness": 0.0,
          "length": 7
        },
        {
          "sequence": [
            "fear",
            "fear",
            "fear",
            "sad",
            "surprising",
            "disgust",
            "sad",
            "angry"
          ],
          "fitness": 0.0,
          "length": 8
        },
        {
          "sequence": [
            "fear",
            "angry",
            "disgust",
            "disgust",
            "fear",
            "fear",
            "angry",
            "surprising"
          ],
          "fitness": 0.0,
          "length": 8
        }
      ]
    },
    "generation_4": {
      "stats": {
        "generation": 4,
        "best_fitness": 0.0,
        "elite_count": 3,
        "total_sequences": 52,
        "current_emotion": "neutral",
        "current_group": "neutral",
        "hierarchical_entropy": {
          "group_entropy": 1.0761310456276638,
          "full_entropy": 1.6404544200080324,
          "within_group_entropies": {
            "positive": 0.455475231021297,
            "negative": 0.8877584518514618,
            "neutral": 0.4196312030765766
          }
        },
        "group_matrix": [
          [
            0.3550088311688312,
            0.3670774025974026,
            0.27791376623376624
          ],
          [
            0.23422007326007327,
            0.4504474725274725,
            0.3153324542124542
          ],
          [
            0.4173648484848485,
            0.3435345454545455,
            0.23910060606060607
          ]
        ],
        "within_group_matrices": {
          "positive": [
            [
              0.8057619047619048,
              0.1942380952380952
            ],
            [
              0.14766666666666667,
              0.8523333333333334
            ]
          ],
          "negative": [
            [
              0.6253506493506494,
              0.2369662337662338,
              0.1376831168831169
            ],
            [
              0.21493333333333334,
              0.6272761904761904,
              0.1577904761904762
            ],
            [
              0.20679999999999998,
              0.1168,
              0.6764
            ]
          ],
          "neutral": [
            [
              0.8583333333333334,
              0.14166666666666666
            ],
            [
              0.15500000000000003,
              0.8450000000000001
            ]
          ]
        }
      },
      "success_rate": 1.0,
      "avg_days": 98.0,
      "avg_rounds": 14.4,
      "elite_sequences": [
        {
          "sequence": [
            "fear",
            "neutral",
            "fear",
            "fear",
            "angry",
            "happy",
            "neutral",
            "surprising"
          ],
          "fitness": 0.0,
          "length": 8
        },
        {
          "sequence": [
            "neutral",
            "disgust",
            "angry",
            "disgust",
            "sad",
            "surprising",
            "surprising"
          ],
          "fitness": 0.0,
          "length": 7
        },
        {
          "sequence": [
            "angry",
            "happy",
            "fear",
            "sad",
            "happy",
            "happy",
            "disgust"
          ],
          "fitness": 0.0,
          "length": 7
        }
      ]
    },
    "generation_5": {
      "stats": {
        "generation": 5,
        "best_fitness": 0.0,
        "elite_count": 3,
        "total_sequences": 65,
        "current_emotion": "neutral",
        "current_group": "neutral",
        "hierarchical_entropy": {
          "group_entropy": 1.0796231216759284,
          "full_entropy": 1.6197386599977508,
          "within_group_entropies": {
            "positive": 0.46494243960440673,
            "negative": 0.8509415301524627,
            "neutral": 0.42819675517315103
          }
        },
        "group_matrix": [
          [
            0.34633863203463205,
            0.39802421933621934,
            0.2556371486291486
          ],
          [
            0.25164315506715507,
            0.47026848351648354,
            0.2780883614163614
          ],
          [
            0.3304189090909091,
            0.3261207272727273,
            0.3434603636363637
          ]
        ],
        "within_group_matrices": {
          "positive": [
            [
              0.8167904761904763,
              0.18320952380952377
            ],
            [
              0.16860000000000003,
              0.8314
            ]
          ],
          "negative": [
            [
              0.6552103896103896,
              0.2221797402597403,
              0.12260987012987015
            ],
            [
              0.19562666666666667,
              0.6430323809523809,
              0.1613409523809524
            ],
            [
              0.16852444444444442,
              0.11452444444444446,
              0.7169511111111111
            ]
          ],
          "neutral": [
            [
              0.865,
              0.135
            ],
            [
              0.17300000000000004,
              0.8270000000000001
            ]
          ]
        }
      },
      "success_rate": 1.0,
      "avg_days": 98.0,
      "avg_rounds": 14.6,
      "elite_sequences": [
        {
          "sequence": [
            "angry",
            "angry",
            "angry",
            "angry",
            "surprising",
            "angry",
            "surprising"
          ],
          "fitness": 0.0,
          "length": 7
        },
        {
          "sequence": [
            "angry",
            "sad",
            "sad",
            "sad",
            "sad",
            "angry",
            "disgust",
            "neutral"
          ],
          "fitness": 0.0,
          "length": 8
        },
        {
          "sequence": [
            "fear",
            "fear",
            "fear",
            "happy",
            "happy",
            "fear",
            "fear"
          ],
          "fitness": 0.0,
          "length": 7
        }
      ]
    },
    "generation_6": {
      "stats": {
        "generation": 6,
        "best_fitness": 0.0,
        "elite_count": 3,
        "total_sequences": 78,
        "current_emotion": "neutral",
        "current_group": "neutral",
        "hierarchical_entropy": {
          "group_entropy": 1.0882109114516672,
          "full_entropy": 1.634371289344887,
          "within_group_entropies": {
            "positive": 0.4692692764663738,
            "negative": 0.8422673472847895,
            "neutral": 0.48833673850619885
          }
        },
        "group_matrix": [
          [
            0.3168940883116883,
            0.3842690770562771,
            0.29883683463203464
          ],
          [
            0.2964404384948385,
            0.4276156355644356,
            0.2759439259407259
          ],
          [
            0.3232513454545455,
            0.2956724363636364,
            0.38107621818181825
          ]
        ],
        "within_group_matrices": {
          "positive": [
            [
              0.8100742857142857,
              0.18992571428571425
            ],
            [
              0.16782666666666668,
              0.8321733333333334
            ]
          ],
          "negative": [
            [
              0.6788405194805195,
              0.1904507012987013,
              0.13070877922077923
            ],
            [
              0.17451885714285714,
              0.6715337142857143,
              0.15394742857142857
            ],
            [
              0.1677813333333333,
              0.13538133333333335,
              0.6968373333333333
            ]
          ],
          "neutral": [
            [
              0.869,
              0.131
            ],
            [
              0.27522857142857143,
              0.7247714285714286
            ]
          ]
        }
      },
      "success_rate": 1.0,
      "avg_days": 98.0,
      "avg_rounds": 13.8,
      "elite_sequences": [
        {
          "sequence": [
            "neutral",
            "sad",
            "sad",
            "surprising",
            "sad",
            "sad",
            "fear",
            "surprising",
            "angry"
          ],
          "fitness": 0.0,
          "length": 9
        },
        {
          "sequence": [
            "neutral",
            "sad",
            "sad",
            "surprising",
            "angry",
            "angry",
            "happy"
          ],
          "fitness": 0.0,
          "length": 7
        },
        {
          "sequence": [
            "disgust",
            "disgust",
            "neutral",
            "surprising",
            "surprising",
            "sad",
            "angry"
          ],
          "fitness": 0.0,
          "length": 7
        }
      ]
    },
    "generation_7": {
      "stats": {
        "generation": 7,
        "best_fitness": 0.0,
        "elite_count": 3,
        "total_sequences": 91,
        "current_emotion": "neutral",
        "current_group": "neutral",
        "hierarchical_entropy": {
          "group_entropy": 1.0913353854813312,
          "full_entropy": 1.649858969889612,
          "within_group_entropies": {
            "positive": 0.4944109901632677,
            "negative": 0.8730845107843738,
            "neutral": 0.485669711343022
          }
        },
        "group_matrix": [
          [
            0.34398260683316684,
            0.35363836931068937,
            0.3023790238561439
          ],
          [
            0.3111975964302364,
            0.42323604800532805,
            0.26556635556443553
          ],
          [
            0.3394053527272728,
            0.3228580072727273,
            0.33773664000000003
          ]
        ],
        "within_group_matrices": {
          "positive": [
            [
              0.7717588571428572,
              0.2282411428571428
            ],
            [
              0.16736266666666666,
              0.8326373333333335
            ]
          ],
          "negative": [
            [
              0.6358757402597403,
              0.22855613506493505,
              0.13556812467532467
            ],
            [
              0.16185417142857142,
              0.6314916571428572,
              0.20665417142857143
            ],
            [
              0.15781165714285714,
              0.13837165714285715,
              0.7038166857142858
            ]
          ],
          "neutral": [
            [
              0.8547333333333333,
              0.14526666666666666
            ],
            [
              0.2451371428571428,
              0.7548628571428571
            ]
          ]
        }
      },
      "success_rate": 1.0,
      "avg_days": 98.0,
      "avg_rounds": 13.6,
      "elite_sequences": [
        {
          "sequence": [
            "sad",
            "surprising",
            "sad",
            "happy",
            "happy",
            "surprising",
            "surprising"
          ],
          "fitness": 0.0,
          "length": 7
        },
        {
          "sequence": [
            "surprising",
            "angry",
            "disgust",
            "fear",
            "sad",
            "sad",
            "fear"
          ],
          "fitness": 0.0,
          "length": 7
        },
        {
          "sequence": [
            "neutral",
            "fear",
            "happy",
            "fear",
            "fear",
            "happy",
            "neutral"
          ],
          "fitness": 0.0,
          "length": 7
        }
      ]
    },
    "generation_8": {
      "stats": {
        "generation": 8,
        "best_fitness": 0.0,
        "elite_count": 3,
        "total_sequences": 104,
        "current_emotion": "neutral",
        "current_group": "neutral",
        "hierarchical_entropy": {
          "group_entropy": 1.0786035004766814,
          "full_entropy": 1.628628444825672,
          "within_group_entropies": {
            "positive": 0.4683529656902878,
            "negative": 0.8657400669115313,
            "neutral": 0.4825082637891507
          }
        },
        "group_matrix": [
          [
            0.4063895640999001,
            0.31218302158641364,
            0.28142741431368634
          ],
          [
            0.26671855785814186,
            0.4672749621365302,
            0.266006480005328
          ],
          [
            0.2836432116363637,
            0.3937148043636364,
            0.322641984
          ]
        ],
        "within_group_matrices": {
          "positive": [
            [
              0.7830553142857144,
              0.21694468571428568
            ],
            [
              0.14486204444444445,
              0.8551379555555556
            ]
          ],
          "negative": [
            [
              0.6315254441558442,
              0.23713368103896104,
              0.1313408748051948
            ],
            [
              0.19711250285714285,
              0.6288949942857143,
              0.17399250285714285
            ],
            [
              0.1446869942857143,
              0.1330229942857143,
              0.7222900114285715
            ]
          ],
          "neutral": [
            [
              0.8461733333333333,
              0.15382666666666667
            ],
            [
              0.2270822857142857,
              0.7729177142857143
            ]
          ]
        }
      },
      "success_rate": 0.9,
      "avg_days": 98.0,
      "avg_rounds": 13.666666666666666,
      "elite_sequences": [
        {
          "sequence": [
            "neutral",
            "disgust",
            "disgust",
            "angry",
            "angry",
            "sad",
            "sad"
          ],
          "fitness": 0.0,
          "length": 7
        },
        {
          "sequence": [
            "surprising",
            "surprising",
            "sad",
            "disgust",
            "sad",
            "fear",
            "fear",
            "fear"
          ],
          "fitness": 0.0,
          "length": 8
        },
        {
          "sequence": [
            "surprising",
            "surprising",
            "surprising",
            "surprising",
            "angry",
            "disgust",
            "surprising"
          ],
          "fitness": 0.0,
          "length": 7
        }
      ]
    },
    "generation_9": {
      "stats": {
        "generation": 9,
        "best_fitness": 0.0,
        "elite_count": 3,
        "total_sequences": 117,
        "current_emotion": "neutral",
        "current_group": "neutral",
        "hierarchical_entropy": {
          "group_entropy": 1.0723931740799988,
          "full_entropy": 1.6156129882554768,
          "within_group_entropies": {
            "positive": 0.45309718674297506,
            "negative": 0.8423137094044826,
            "neutral": 0.4825082637891507
          }
        },
        "group_matrix": [
          [
            0.47541268582836116,
            0.292572970846585,
            0.2320143433250539
          ],
          [
            0.31387728856103897,
            0.43421113112807197,
            0.2519115803108891
          ],
          [
            0.32018592698181825,
            0.38622888261818183,
            0.2935851904
          ]
        ],
        "within_group_matrices": {
          "positive": [
            [
              0.7809442996825398,
              0.2190557003174603
            ],
            [
              0.12691722666666666,
              0.8730827733333333
            ]
          ],
          "negative": [
            [
              0.6455819331601732,
              0.2089468752900433,
              0.14547119154978355
            ],
            [
              0.17541035885714285,
              0.6630512822857143,
              0.16153835885714285
            ],
            [
              0.13681219657142857,
              0.12981379657142858,
              0.7333740068571429
            ]
          ],
          "neutral": [
            [
              0.8461733333333333,
              0.15382666666666667
            ],
            [
              0.2270822857142857,
              0.7729177142857143
            ]
          ]
        }
      },
      "success_rate": 1.0,
      "avg_days": 98.0,
      "avg_rounds": 14.4,
      "elite_sequences": [
        {
          "sequence": [
            "happy",
            "happy",
            "happy",
            "surprising",
            "surprising",
            "surprising",
            "surprising",
            "sad",
            "happy"
          ],
          "fitness": 0.0,
          "length": 9
        },
        {
          "sequence": [
            "disgust",
            "disgust",
            "surprising",
            "disgust",
            "surprising",
            "surprising",
            "surprising",
            "angry"
          ],
          "fitness": 0.0,
          "length": 8
        },
        {
          "sequence": [
            "fear",
            "happy",
            "happy",
            "fear",
            "fear",
            "fear",
            "neutral",
            "angry"
          ],
          "fitness": 0.0,
          "length": 8
        }
      ]
    },
    "generation_10": {
      "stats": {
        "generation": 10,
        "best_fitness": 0.0,
        "elite_count": 3,
        "total_sequences": 130,
        "current_emotion": "neutral",
        "current_group": "neutral",
        "hierarchical_entropy": {
          "group_entropy": 1.067263337796141,
          "full_entropy": 1.6054577762410738,
          "within_group_entropies": {
            "positive": 0.4668009460078646,
            "negative": 0.8573643055124703,
            "neutral": 0.4753063563678475
          }
        },
        "group_matrix": [
          [
            0.5168265588654377,
            0.25975430882374045,
            0.22341913231082183
          ],
          [
            0.30832637313662337,
            0.4205266786768432,
            0.27114694818653345
          ],
          [
            0.3739297380072728,
            0.30446460229818184,
            0.32160565969454546
          ]
        ],
        "within_group_matrices": {
          "positive": [
            [
              0.7685665798095238,
              0.2314334201904762
            ],
            [
              0.13329319314285715,
              0.8667068068571429
            ]
          ],
          "negative": [
            [
              0.6159205884675325,
              0.23965383945974028,
              0.14442557207272727
            ],
            [
              0.16238907245714285,
              0.6835450550857143,
              0.15406587245714284
            ],
            [
              0.1487539846095238,
              0.1445549446095238,
              0.7066910707809524
            ]
          ],
          "neutral": [
            [
              0.827704,
              0.172296
            ],
            [
              0.19339222857142854,
              0.8066077714285714
            ]
          ]
        }
      },
      "success_rate": 1.0,
      "avg_days": 98.2,
      "avg_rounds": 15.1,
      "elite_sequences": [
        {
          "sequence": [
            "happy",
            "surprising",
            "neutral",
            "happy",
            "happy",
            "happy",
            "happy",
            "happy",
            "happy"
          ],
          "fitness": 0.0,
          "length": 9
        },
        {
          "sequence": [
            "fear",
            "neutral",
            "neutral",
            "neutral",
            "happy",
            "fear"
          ],
          "fitness": 0.0,
          "length": 6
        },
        {
          "sequence": [
            "surprising",
            "surprising",
            "surprising",
            "neutral",
            "surprising",
            "angry",
            "disgust",
            "disgust",
            "happy",
            "surprising"
          ],
          "fitness": 0.0,
          "length": 10
        }
      ]
    }
  },
  "scenarios_used": [
    "debt_001",
    "debt_002"
  ],
  "final_stats": {
    "generation": 10,
    "best_fitness": 0.0,
    "elite_count": 3,
    "total_sequences": 130,
    "current_emotion": "neutral",
    "current_group": "neutral",
    "hierarchical_entropy": {
      "group_entropy": 1.067263337796141,
      "full_entropy": 1.6054577762410738,
      "within_group_entropies": {
        "positive": 0.4668009460078646,
        "negative": 0.8573643055124703,
        "neutral": 0.4753063563678475
      }
    },
    "group_matrix": [
      [
        0.5168265588654377,
        0.25975430882374045,
        0.22341913231082183
      ],
      [
        0.30832637313662337,
        0.4205266786768432,
        0.27114694818653345
      ],
      [
        0.3739297380072728,
        0.30446460229818184,
        0.32160565969454546
      ]
    ],
    "within_group_matrices": {
      "positive": [
        [
          0.7685665798095238,
          0.2314334201904762
        ],
        [
          0.13329319314285715,
          0.8667068068571429
        ]
      ],
      "negative": [
        [
          0.6159205884675325,
          0.23965383945974028,
          0.14442557207272727
        ],
        [
          0.16238907245714285,
          0.6835450550857143,
          0.15406587245714284
        ],
        [
          0.1487539846095238,
          0.1445549446095238,
          0.7066910707809524
        ]
      ],
      "neutral": [
        [
          0.827704,
          0.172296
        ],
        [
          0.19339222857142854,
          0.8066077714285714
        ]
      ]
    }
  },
  "final_hierarchical_matrices": {
    "group_matrix": [
      [
        0.5168265588654377,
        0.25975430882374045,
        0.22341913231082183
      ],
      [
        0.30832637313662337,
        0.4205266786768432,
        0.27114694818653345
      ],
      [
        0.3739297380072728,
        0.30446460229818184,
        0.32160565969454546
      ]
    ],
    "within_group_matrices": {
      "positive": [
        [
          0.7685665798095238,
          0.2314334201904762
        ],
        [
          0.13329319314285715,
          0.8667068068571429
        ]
      ],
      "negative": [
        [
          0.6159205884675325,
          0.23965383945974028,
          0.14442557207272727
        ],
        [
          0.16238907245714285,
          0.6835450550857143,
          0.15406587245714284
        ],
        [
          0.1487539846095238,
          0.1445549446095238,
          0.7066910707809524
        ]
      ],
      "neutral": [
        [
          0.827704,
          0.172296
        ],
        [
          0.19339222857142854,
          0.8066077714285714
        ]
      ]
    },
    "full_base_matrix": [
      [
        0.5181906299654372,
        0.15603935033615482,
        0.05837804750716138,
        0.07531793858846209,
        0.05837804750716138,
        0.05837804750716138,
        0.07531793858846209
      ],
      [
        0.08987026698704487,
        0.5843597133145471,
        0.05837804750716138,
        0.07531793858846209,
        0.05837804750716138,
        0.05837804750716138,
        0.07531793858846209
      ],
      [
        0.09760417253465607,
        0.09760417253465607,
        0.38995314460364755,
        0.08583460845017254,
        0.15173022312208312,
        0.09143907030461207,
        0.08583460845017254
      ],
      [
        0.11139507832802288,
        0.11139507832802288,
        0.060467435053189314,
        0.49315228258536925,
        0.060467435053189314,
        0.060467435053189314,
        0.10265525559901702
      ],
      [
        0.09760417253465607,
        0.09760417253465607,
        0.10281216546355226,
        0.08583460845017254,
        0.43276771177945234,
        0.09754256078733811,
        0.08583460845017254
      ],
      [
        0.09760417253465607,
        0.09760417253465607,
        0.09417948540270979,
        0.08583460845017254,
        0.09152097896052286,
        0.44742197366711006,
        0.08583460845017254
      ],
      [
        0.1113950783280229,
        0.1113950783280229,
        0.06046743505318932,
        0.11522454760913499,
        0.06046743505318932,
        0.06046743505318932,
        0.48058299057525133
      ]
    ]
  }
}