{
  "experiment_type": "hierarchical_evolutionary_bayesian",
  "generations": 10,
  "negotiations_per_generation": 10,
  "hierarchical_structure": {
    "groups": [
      "positive",
      "negative",
      "neutral"
    ],
    "group_members": {
      "positive": [
        "happy",
        "surprising"
      ],
      "negative": [
        "angry",
        "disgust",
        "fear"
      ],
      "neutral": [
        "sad",
        "neutral"
      ]
    },
    "base_emotions": [
      "happy",
      "surprising",
      "angry",
      "sad",
      "disgust",
      "fear",
      "neutral"
    ]
  },
  "generation_results": {
    "generation_1": {
      "stats": {
        "generation": 1,
        "best_fitness": 0.0,
        "elite_count": 3,
        "total_sequences": 13,
        "current_emotion": "neutral",
        "current_group": "neutral",
        "hierarchical_entropy": {
          "group_entropy": 1.0760278007317117,
          "full_entropy": 1.5541086597438656,
          "within_group_entropies": {
            "positive": 0.3767701610564368,
            "negative": 0.7634875467800551,
            "neutral": 0.38689704635534305
          }
        },
        "group_matrix": [
          [
            0.34909090909090906,
            0.32545454545454544,
            0.32545454545454544
          ],
          [
            0.22,
            0.4066666666666667,
            0.3733333333333333
          ],
          [
            0.3030769230769231,
            0.24153846153846154,
            0.4553846153846154
          ]
        ],
        "within_group_matrices": {
          "positive": [
            [
              0.875,
              0.12500000000000003
            ],
            [
              0.12500000000000003,
              0.875
            ]
          ],
          "negative": [
            [
              0.7333333333333334,
              0.13333333333333336,
              0.13333333333333336
            ],
            [
              0.18095238095238098,
              0.6952380952380952,
              0.12380952380952381
            ],
            [
              0.11666666666666668,
              0.11666666666666668,
              0.7666666666666667
            ]
          ],
          "neutral": [
            [
              0.8583333333333334,
              0.14166666666666666
            ],
            [
              0.11944444444444446,
              0.8805555555555555
            ]
          ]
        }
      },
      "success_rate": 1.0,
      "avg_days": 98.0,
      "avg_rounds": 14.0,
      "elite_sequences": [
        {
          "sequence": [
            "happy",
            "neutral",
            "neutral",
            "neutral",
            "happy",
            "sad",
            "sad"
          ],
          "fitness": 0.0,
          "length": 7
        },
        {
          "sequence": [
            "disgust",
            "angry",
            "neutral",
            "surprising",
            "fear",
            "fear",
            "surprising"
          ],
          "fitness": 0.0,
          "length": 7
        },
        {
          "sequence": [
            "happy",
            "surprising",
            "fear",
            "fear",
            "neutral",
            "neutral",
            "neutral"
          ],
          "fitness": 0.0,
          "length": 7
        }
      ]
    },
    "generation_2": {
      "stats": {
        "generation": 2,
        "best_fitness": 9.022215876009257,
        "elite_count": 3,
        "total_sequences": 26,
        "current_emotion": "neutral",
        "current_group": "neutral",
        "hierarchical_entropy": {
          "group_entropy": 1.0898193351354861,
          "full_entropy": 1.5722795649084413,
          "within_group_entropies": {
            "positive": 0.39920872696908477,
            "negative": 0.7437677330373699,
            "neutral": 0.40485330367690175
          }
        },
        "group_matrix": [
          [
            0.3633006993006993,
            0.31834965034965035,
            0.31834965034965035
          ],
          [
            0.2774545454545455,
            0.3894545454545455,
            0.33309090909090905
          ],
          [
            0.29613186813186815,
            0.2877802197802198,
            0.41608791208791207
          ]
        ],
        "within_group_matrices": {
          "positive": [
            [
              0.8678571428571429,
              0.13214285714285715
            ],
            [
              0.14166666666666666,
              0.8583333333333334
            ]
          ],
          "negative": [
            [
              0.7333333333333334,
              0.13333333333333336,
              0.13333333333333336
            ],
            [
              0.1588628762541806,
              0.7324414715719062,
              0.10869565217391304
            ],
            [
              0.11666666666666668,
              0.11666666666666668,
              0.7666666666666667
            ]
          ],
          "neutral": [
            [
              0.8483333333333334,
              0.15166666666666667
            ],
            [
              0.12880952380952382,
              0.8711904761904762
            ]
          ]
        }
      },
      "success_rate": 1.0,
      "avg_days": 92.0,
      "avg_rounds": 14.6,
      "elite_sequences": [
        {
          "sequence": [
            "neutral",
            "neutral",
            "neutral",
            "fear",
            "neutral",
            "disgust",
            "disgust"
          ],
          "fitness": 9.022215876009257,
          "length": 7
        },
        {
          "sequence": [
            "surprising",
            "angry",
            "happy",
            "happy",
            "sad",
            "sad",
            "happy",
            "happy",
            "angry"
          ],
          "fitness": 0.0,
          "length": 9
        },
        {
          "sequence": [
            "neutral",
            "angry",
            "angry",
            "surprising",
            "surprising",
            "sad",
            "surprising"
          ],
          "fitness": 0.0,
          "length": 7
        }
      ]
    },
    "generation_3": {
      "stats": {
        "generation": 3,
        "best_fitness": 9.022215876009257,
        "elite_count": 3,
        "total_sequences": 39,
        "current_emotion": "neutral",
        "current_group": "neutral",
        "hierarchical_entropy": {
          "group_entropy": 1.0959102639973128,
          "full_entropy": 1.6155585816376892,
          "within_group_entropies": {
            "positive": 0.39920872696908477,
            "negative": 0.7968084592841626,
            "neutral": 0.40485330367690175
          }
        },
        "group_matrix": [
          [
            0.3270713286713287,
            0.3728279720279721,
            0.3001006993006993
          ],
          [
            0.31647272727272735,
            0.35867272727272725,
            0.3248545454545454
          ],
          [
            0.30075604395604394,
            0.35728351648351653,
            0.34196043956043953
          ]
        ],
        "within_group_matrices": {
          "positive": [
            [
              0.8678571428571429,
              0.13214285714285715
            ],
            [
              0.14166666666666666,
              0.8583333333333334
            ]
          ],
          "negative": [
            [
              0.7066666666666667,
              0.14666666666666667,
              0.14666666666666667
            ],
            [
              0.15246058289536554,
              0.6680363115145724,
              0.17950310559006213
            ],
            [
              0.12000000000000001,
              0.12000000000000001,
              0.76
            ]
          ],
          "neutral": [
            [
              0.8483333333333334,
              0.15166666666666667
            ],
            [
              0.12880952380952382,
              0.8711904761904762
            ]
          ]
        }
      },
      "success_rate": 1.0,
      "avg_days": 97.2,
      "avg_rounds": 14.7,
      "elite_sequences": [
        {
          "sequence": [
            "fear",
            "neutral",
            "surprising",
            "fear",
            "sad",
            "fear",
            "happy",
            "disgust"
          ],
          "fitness": 0.0,
          "length": 8
        },
        {
          "sequence": [
            "neutral",
            "neutral",
            "disgust",
            "fear",
            "surprising",
            "neutral",
            "disgust",
            "surprising"
          ],
          "fitness": 0.0,
          "length": 8
        },
        {
          "sequence": [
            "neutral",
            "fear",
            "neutral",
            "surprising",
            "fear",
            "fear",
            "fear",
            "happy",
            "happy"
          ],
          "fitness": 0.0,
          "length": 9
        }
      ]
    },
    "generation_4": {
      "stats": {
        "generation": 4,
        "best_fitness": 9.022215876009257,
        "elite_count": 3,
        "total_sequences": 52,
        "current_emotion": "neutral",
        "current_group": "neutral",
        "hierarchical_entropy": {
          "group_entropy": 1.090243447494125,
          "full_entropy": 1.6343499840895475,
          "within_group_entropies": {
            "positive": 0.5316011145788698,
            "negative": 0.7968084592841626,
            "neutral": 0.40485330367690175
          }
        },
        "group_matrix": [
          [
            0.3676713686313686,
            0.3665539260739261,
            0.2657747052947053
          ],
          [
            0.26988363636363644,
            0.33520363636363637,
            0.39491272727272725
          ],
          [
            0.36712029304029303,
            0.3210367765567766,
            0.3118429304029304
          ]
        ],
        "within_group_matrices": {
          "positive": [
            [
              0.7707142857142857,
              0.22928571428571431
            ],
            [
              0.21833333333333332,
              0.7816666666666667
            ]
          ],
          "negative": [
            [
              0.7066666666666667,
              0.14666666666666667,
              0.14666666666666667
            ],
            [
              0.15246058289536554,
              0.6680363115145724,
              0.17950310559006213
            ],
            [
              0.12000000000000001,
              0.12000000000000001,
              0.76
            ]
          ],
          "neutral": [
            [
              0.8483333333333334,
              0.15166666666666667
            ],
            [
              0.12880952380952382,
              0.8711904761904762
            ]
          ]
        }
      },
      "success_rate": 1.0,
      "avg_days": 98.0,
      "avg_rounds": 14.4,
      "elite_sequences": [
        {
          "sequence": [
            "neutral",
            "fear",
            "fear",
            "sad",
            "sad",
            "sad",
            "happy",
            "surprising",
            "happy",
            "happy"
          ],
          "fitness": 0.0,
          "length": 10
        },
        {
          "sequence": [
            "neutral",
            "happy",
            "sad",
            "surprising",
            "fear",
            "neutral",
            "disgust"
          ],
          "fitness": 0.0,
          "length": 7
        },
        {
          "sequence": [
            "neutral",
            "happy",
            "surprising",
            "disgust",
            "neutral",
            "surprising",
            "angry"
          ],
          "fitness": 0.0,
          "length": 7
        }
      ]
    },
    "generation_5": {
      "stats": {
        "generation": 5,
        "best_fitness": 9.022215876009257,
        "elite_count": 3,
        "total_sequences": 65,
        "current_emotion": "neutral",
        "current_group": "neutral",
        "hierarchical_entropy": {
          "group_entropy": 1.0877104931505743,
          "full_entropy": 1.6484889713560882,
          "within_group_entropies": {
            "positive": 0.5316011145788698,
            "negative": 0.7968084592841626,
            "neutral": 0.40485330367690175
          }
        },
        "group_matrix": [
          [
            0.32060282117882116,
            0.353265688977689,
            0.32613148984348983
          ],
          [
            0.26193018181818184,
            0.30112218181818184,
            0.4369476363636363
          ],
          [
            0.37411832967032965,
            0.3464682197802198,
            0.27941345054945055
          ]
        ],
        "within_group_matrices": {
          "positive": [
            [
              0.7707142857142857,
              0.22928571428571431
            ],
            [
              0.21833333333333332,
              0.7816666666666667
            ]
          ],
          "negative": [
            [
              0.7066666666666667,
              0.14666666666666667,
              0.14666666666666667
            ],
            [
              0.15246058289536554,
              0.6680363115145724,
              0.17950310559006213
            ],
            [
              0.12000000000000001,
              0.12000000000000001,
              0.76
            ]
          ],
          "neutral": [
            [
              0.8483333333333334,
              0.15166666666666667
            ],
            [
              0.12880952380952382,
              0.8711904761904762
            ]
          ]
        }
      },
      "success_rate": 1.0,
      "avg_days": 98.0,
      "avg_rounds": 14.0,
      "elite_sequences": [
        {
          "sequence": [
            "neutral",
            "angry",
            "sad",
            "happy",
            "sad",
            "sad",
            "fear",
            "sad"
          ],
          "fitness": 0.0,
          "length": 8
        },
        {
          "sequence": [
            "happy",
            "neutral",
            "angry",
            "sad",
            "happy",
            "sad",
            "happy",
            "disgust"
          ],
          "fitness": 0.0,
          "length": 8
        },
        {
          "sequence": [
            "angry",
            "angry",
            "happy",
            "surprising",
            "disgust",
            "sad"
          ],
          "fitness": 0.0,
          "length": 6
        }
      ]
    },
    "generation_6": {
      "stats": {
        "generation": 6,
        "best_fitness": 9.022215876009257,
        "elite_count": 3,
        "total_sequences": 78,
        "current_emotion": "neutral",
        "current_group": "neutral",
        "hierarchical_entropy": {
          "group_entropy": 1.0839129627814386,
          "full_entropy": 1.636577202668601,
          "within_group_entropies": {
            "positive": 0.5316011145788698,
            "negative": 0.7968084592841626,
            "neutral": 0.4026379765186747
          }
        },
        "group_matrix": [
          [
            0.2812505815961816,
            0.3897371911643912,
            0.32901222723942725
          ],
          [
            0.24946580139860142,
            0.30375023216783215,
            0.4467839664335664
          ],
          [
            0.31858864486102134,
            0.30199857892695536,
            0.3794127762120233
          ]
        ],
        "within_group_matrices": {
          "positive": [
            [
              0.7707142857142857,
              0.22928571428571431
            ],
            [
              0.21833333333333332,
              0.7816666666666667
            ]
          ],
          "negative": [
            [
              0.7066666666666667,
              0.14666666666666667,
              0.14666666666666667
            ],
            [
              0.15246058289536554,
              0.6680363115145724,
              0.17950310559006213
            ],
            [
              0.12000000000000001,
              0.12000000000000001,
              0.76
            ]
          ],
          "neutral": [
            [
              0.8290000000000001,
              0.171
            ],
            [
              0.11061904761904762,
              0.8893809523809524
            ]
          ]
        }
      },
      "success_rate": 1.0,
      "avg_days": 98.0,
      "avg_rounds": 14.2,
      "elite_sequences": [
        {
          "sequence": [
            "neutral",
            "neutral",
            "neutral",
            "neutral",
            "neutral",
            "angry",
            "neutral",
            "neutral"
          ],
          "fitness": 0.0,
          "length": 8
        },
        {
          "sequence": [
            "angry",
            "happy",
            "angry",
            "neutral",
            "happy",
            "fear",
            "neutral"
          ],
          "fitness": 0.0,
          "length": 7
        },
        {
          "sequence": [
            "angry",
            "angry",
            "neutral",
            "neutral",
            "happy",
            "neutral",
            "neutral",
            "disgust",
            "fear"
          ],
          "fitness": 0.0,
          "length": 9
        }
      ]
    },
    "generation_7": {
      "stats": {
        "generation": 7,
        "best_fitness": 9.022215876009257,
        "elite_count": 3,
        "total_sequences": 91,
        "current_emotion": "neutral",
        "current_group": "neutral",
        "hierarchical_entropy": {
          "group_entropy": 1.084708052121866,
          "full_entropy": 1.6308760708920649,
          "within_group_entropies": {
            "positive": 0.494115939777109,
            "negative": 0.7968084592841626,
            "neutral": 0.45298963848889007
          }
        },
        "group_matrix": [
          [
            0.3533657335730936,
            0.38768846854478856,
            0.2589457978821179
          ],
          [
            0.29513402629370633,
            0.29134104839160835,
            0.4135249253146853
          ],
          [
            0.2834608792243051,
            0.3042760704330963,
            0.4122630503425986
          ]
        ],
        "within_group_matrices": {
          "positive": [
            [
              0.7824285714285715,
              0.2175714285714286
            ],
            [
              0.17544444444444443,
              0.8245555555555556
            ]
          ],
          "negative": [
            [
              0.7066666666666667,
              0.14666666666666667,
              0.14666666666666667
            ],
            [
              0.15246058289536554,
              0.6680363115145724,
              0.17950310559006213
            ],
            [
              0.12000000000000001,
              0.12000000000000001,
              0.76
            ]
          ],
          "neutral": [
            [
              0.7640666666666667,
              0.23593333333333333
            ],
            [
              0.11637142857142857,
              0.8836285714285714
            ]
          ]
        }
      },
      "success_rate": 1.0,
      "avg_days": 98.0,
      "avg_rounds": 14.6,
      "elite_sequences": [
        {
          "sequence": [
            "neutral",
            "neutral",
            "neutral",
            "disgust",
            "neutral",
            "neutral"
          ],
          "fitness": 0.0,
          "length": 6
        },
        {
          "sequence": [
            "neutral",
            "happy",
            "angry",
            "sad",
            "neutral",
            "angry",
            "surprising",
            "surprising"
          ],
          "fitness": 0.0,
          "length": 8
        },
        {
          "sequence": [
            "happy",
            "fear",
            "surprising",
            "surprising",
            "surprising",
            "surprising",
            "disgust",
            "angry"
          ],
          "fitness": 0.0,
          "length": 8
        }
      ]
    },
    "generation_8": {
      "stats": {
        "generation": 8,
        "best_fitness": 9.022215876009257,
        "elite_count": 3,
        "total_sequences": 104,
        "current_emotion": "neutral",
        "current_group": "neutral",
        "hierarchical_entropy": {
          "group_entropy": 1.076920578316805,
          "full_entropy": 1.6364966321270842,
          "within_group_entropies": {
            "positive": 0.494115939777109,
            "negative": 0.7968084592841626,
            "neutral": 0.48110993123087575
          }
        },
        "group_matrix": [
          [
            0.3574739855984016,
            0.41443126294505495,
            0.22809475145654345
          ],
          [
            0.33092656962237765,
            0.2671123213426573,
            0.40196110903496507
          ],
          [
            0.2623842198422754,
            0.3056425653367809,
            0.4319732148209438
          ]
        ],
        "within_group_matrices": {
          "positive": [
            [
              0.7824285714285715,
              0.2175714285714286
            ],
            [
              0.17544444444444443,
              0.8245555555555556
            ]
          ],
          "negative": [
            [
              0.7066666666666667,
              0.14666666666666667,
              0.14666666666666667
            ],
            [
              0.15246058289536554,
              0.6680363115145724,
              0.17950310559006213
            ],
            [
              0.12000000000000001,
              0.12000000000000001,
              0.76
            ]
          ],
          "neutral": [
            [
              0.7695511111111111,
              0.23044888888888887
            ],
            [
              0.14982285714285715,
              0.8501771428571429
            ]
          ]
        }
      },
      "success_rate": 1.0,
      "avg_days": 98.0,
      "avg_rounds": 14.2,
      "elite_sequences": [
        {
          "sequence": [
            "disgust",
            "happy",
            "angry",
            "happy",
            "surprising",
            "fear",
            "surprising"
          ],
          "fitness": 0.0,
          "length": 7
        },
        {
          "sequence": [
            "neutral",
            "fear",
            "sad",
            "sad",
            "disgust",
            "disgust",
            "sad",
            "neutral"
          ],
          "fitness": 0.0,
          "length": 8
        },
        {
          "sequence": [
            "surprising",
            "fear",
            "sad",
            "sad",
            "sad",
            "surprising",
            "surprising"
          ],
          "fitness": 0.0,
          "length": 7
        }
      ]
    },
    "generation_9": {
      "stats": {
        "generation": 9,
        "best_fitness": 9.022215876009257,
        "elite_count": 3,
        "total_sequences": 117,
        "current_emotion": "neutral",
        "current_group": "neutral",
        "hierarchical_entropy": {
          "group_entropy": 1.0891842673194405,
          "full_entropy": 1.6448974076120033,
          "within_group_entropies": {
            "positive": 0.494115939777109,
            "negative": 0.823138869250385,
            "neutral": 0.5000591245924666
          }
        },
        "group_matrix": [
          [
            0.32357530044995003,
            0.39411330322157845,
            0.2823113963284716
          ],
          [
            0.3216328648503497,
            0.34488277742097895,
            0.33348435772867135
          ],
          [
            0.2640971985720319,
            0.3167188725354019,
            0.4191839288925663
          ]
        ],
        "within_group_matrices": {
          "positive": [
            [
              0.7824285714285715,
              0.2175714285714286
            ],
            [
              0.17544444444444443,
              0.8245555555555556
            ]
          ],
          "negative": [
            [
              0.6906666666666667,
              0.15466666666666667,
              0.15466666666666667
            ],
            [
              0.13592079418166378,
              0.7119328980198545,
              0.15214630779848173
            ],
            [
              0.12914285714285717,
              0.1862857142857143,
              0.6845714285714286
            ]
          ],
          "neutral": [
            [
              0.8045878095238095,
              0.19541219047619046
            ],
            [
              0.20417942857142857,
              0.7958205714285715
            ]
          ]
        }
      },
      "success_rate": 0.9,
      "avg_days": 98.0,
      "avg_rounds": 14.333333333333334,
      "elite_sequences": [
        {
          "sequence": [
            "neutral",
            "disgust",
            "happy",
            "fear",
            "disgust",
            "disgust",
            "disgust"
          ],
          "fitness": 0.0,
          "length": 7
        },
        {
          "sequence": [
            "neutral",
            "sad",
            "sad",
            "sad",
            "disgust",
            "disgust",
            "neutral",
            "surprising",
            "fear"
          ],
          "fitness": 0.0,
          "length": 9
        },
        {
          "sequence": [
            "neutral",
            "angry",
            "surprising",
            "neutral",
            "neutral",
            "happy",
            "happy",
            "sad"
          ],
          "fitness": 0.0,
          "length": 8
        }
      ]
    },
    "generation_10": {
      "stats": {
        "generation": 10,
        "best_fitness": 9.022215876009257,
        "elite_count": 3,
        "total_sequences": 130,
        "current_emotion": "neutral",
        "current_group": "neutral",
        "hierarchical_entropy": {
          "group_entropy": 1.071271287474462,
          "full_entropy": 1.6353282673128269,
          "within_group_entropies": {
            "positive": 0.494115939777109,
            "negative": 0.8372739500404229,
            "neutral": 0.4898276801292443
          }
        },
        "group_matrix": [
          [
            0.27414518026997003,
            0.43646798193294706,
            0.28938683779708296
          ],
          [
            0.3072654331959241,
            0.3497868093097303,
            0.3429477574943457
          ],
          [
            0.2507660114509115,
            0.2515697850597026,
            0.49766420348938595
          ]
        ],
        "within_group_matrices": {
          "positive": [
            [
              0.7824285714285715,
              0.2175714285714286
            ],
            [
              0.17544444444444443,
              0.8245555555555556
            ]
          ],
          "negative": [
            [
              0.7001142857142857,
              0.14994285714285716,
              0.14994285714285716
            ],
            [
              0.14821914317566495,
              0.6938264054785794,
              0.15795445134575573
            ],
            [
              0.1274857142857143,
              0.21177142857142858,
              0.6607428571428571
            ]
          ],
          "neutral": [
            [
              0.7938637968253968,
              0.20613620317460318
            ],
            [
              0.17965051428571427,
              0.8203494857142858
            ]
          ]
        }
      },
      "success_rate": 1.0,
      "avg_days": 98.0,
      "avg_rounds": 14.0,
      "elite_sequences": [
        {
          "sequence": [
            "happy",
            "angry",
            "happy",
            "disgust",
            "sad",
            "sad",
            "neutral",
            "neutral"
          ],
          "fitness": 0.0,
          "length": 8
        },
        {
          "sequence": [
            "angry",
            "angry",
            "neutral",
            "happy",
            "sad",
            "sad",
            "sad"
          ],
          "fitness": 0.0,
          "length": 7
        },
        {
          "sequence": [
            "fear",
            "fear",
            "disgust",
            "happy",
            "fear",
            "neutral",
            "neutral"
          ],
          "fitness": 0.0,
          "length": 7
        }
      ]
    }
  },
  "scenarios_used": [
    "debt_001",
    "debt_002"
  ],
  "final_stats": {
    "generation": 10,
    "best_fitness": 9.022215876009257,
    "elite_count": 3,
    "total_sequences": 130,
    "current_emotion": "neutral",
    "current_group": "neutral",
    "hierarchical_entropy": {
      "group_entropy": 1.071271287474462,
      "full_entropy": 1.6353282673128269,
      "within_group_entropies": {
        "positive": 0.494115939777109,
        "negative": 0.8372739500404229,
        "neutral": 0.4898276801292443
      }
    },
    "group_matrix": [
      [
        0.27414518026997003,
        0.43646798193294706,
        0.28938683779708296
      ],
      [
        0.3072654331959241,
        0.3497868093097303,
        0.3429477574943457
      ],
      [
        0.2507660114509115,
        0.2515697850597026,
        0.49766420348938595
      ]
    ],
    "within_group_matrices": {
      "positive": [
        [
          0.7824285714285715,
          0.2175714285714286
        ],
        [
          0.17544444444444443,
          0.8245555555555556
        ]
      ],
      "negative": [
        [
          0.7001142857142857,
          0.14994285714285716,
          0.14994285714285716
        ],
        [
          0.14821914317566495,
          0.6938264054785794,
          0.15795445134575573
        ],
        [
          0.1274857142857143,
          0.21177142857142858,
          0.6607428571428571
        ]
      ],
      "neutral": [
        [
          0.7938637968253968,
          0.20613620317460318
        ],
        [
          0.17965051428571427,
          0.8203494857142858
        ]
      ]
    }
  },
  "final_hierarchical_matrices": {
    "group_matrix": [
      [
        0.27414518026997003,
        0.43646798193294706,
        0.28938683779708296
      ],
      [
        0.3072654331959241,
        0.3497868093097303,
        0.3429477574943457
      ],
      [
        0.2507660114509115,
        0.2515697850597026,
        0.49766420348938595
      ]
    ],
    "within_group_matrices": {
      "positive": [
        [
          0.7824285714285715,
          0.2175714285714286
        ],
        [
          0.17544444444444443,
          0.8245555555555556
        ]
      ],
      "negative": [
        [
          0.7001142857142857,
          0.14994285714285716,
          0.14994285714285716
        ],
        [
          0.14821914317566495,
          0.6938264054785794,
          0.15795445134575573
        ],
        [
          0.1274857142857143,
          0.21177142857142858,
          0.6607428571428571
        ]
      ],
      "neutral": [
        [
          0.7938637968253968,
          0.20613620317460318
        ],
        [
          0.17965051428571427,
          0.8203494857142858
        ]
      ]
    },
    "full_base_matrix": [
      [
        0.4533571204737629,
        0.12606589272987787,
        0.08429986441950015,
        0.08383869676892952,
        0.08429986441950015,
        0.08429986441950015,
        0.08383869676892952
      ],
      [
        0.10165654864983874,
        0.477766464553802,
        0.08429986441950015,
        0.08383869676892952,
        0.08429986441950015,
        0.08429986441950015,
        0.08383869676892952
      ],
      [
        0.09309870837579405,
        0.09309870837579405,
        0.42425687157514114,
        0.1039101370141435,
        0.09086271882249188,
        0.09086271882249188,
        0.1039101370141435
      ],
      [
        0.08345870877647688,
        0.08345870877647688,
        0.05581747783329772,
        0.5284196773246415,
        0.05581747783329772,
        0.05581747783329772,
        0.13721047162251176
      ],
      [
        0.09309870837579404,
        0.09309870837579404,
        0.08981817865221775,
        0.10391013701414349,
        0.42044652738980826,
        0.09571760317809891,
        0.10391013701414349
      ],
      [
        0.09309870837579405,
        0.09309870837579405,
        0.07725408753543422,
        0.1039101370141435,
        0.12832973931255903,
        0.40039848237213166,
        0.1039101370141435
      ],
      [
        0.08345870877647688,
        0.08345870877647688,
        0.05581747783329772,
        0.11958079858243267,
        0.05581747783329772,
        0.05581747783329772,
        0.5460493503647206
      ]
    ]
  }
}